709.601 165.992 139.074 112.027 91.9453 74.7153 52.8303 39.9439 30.1117 22.3792 15.7935 11.6196 8.18883 6.6088 5.08371 3.77995 2.63239 1.87968 1.35759 1.0299 0.884723 0.587546 0.456832 0.355085 0.223247 0.166472 0.116223 0.0886492 0.0314086 0.0401387 
469.624 225.228 164.153 124.45 94.2593 74.7492 55.8628 43.1104 31.2031 22.8602 15.8205 12.676 9.04244 7.13215 5.50086 3.83066 3.0887 2.23913 1.2706 1.19694 0.774217 0.560068 0.482236 0.299861 0.264199 0.208989 0.164049 0.0841409 0.102643 0.0550305 
224.965 225.282 171.032 128.839 98.1859 73.9729 56.9863 44.2566 32.1228 23.8279 17.8821 13.0639 9.71898 7.64384 6.09041 4.47937 2.82875 2.20166 1.6471 1.22229 0.777565 0.669958 0.537629 0.337152 0.266189 0.176216 0.173337 0.0985191 0.104549 0.0816787 
101.962 161.03 140.806 110.612 87.2339 70.1946 54.679 40.5272 30.6174 24.3255 18.8519 14.1298 10.7272 7.87206 6.00775 4.32483 3.27565 2.35335 1.79207 1.10877 0.879158 0.731248 0.51966 0.348556 0.267644 0.229116 0.150155 0.0876627 0.112336 0.0609445 
48.9771 104.017 105.116 92.8359 76.8822 60.0897 48.5206 37.3742 29.2162 23.0393 17.4001 13.7269 9.88191 7.48069 5.38505 3.84438 3.18377 2.17949 1.75853 1.20464 1.01549 0.787119 0.533866 0.542904 0.305414 0.309033 0.154761 0.103324 0.0999593 0.067664 
26.9476 62.5344 69.1655 69.7634 62.6253 52.6086 42.0468 32.7321 26.5541 20.3569 16.1988 11.9967 8.8048 7.23062 5.46506 3.73012 3.08216 2.03988 1.77811 1.31849 0.909143 0.73123 0.560479 0.453327 0.279255 0.221936 0.187729 0.136936 0.0839765 0.0710615 
15.3754 38.5782 50.9005 47.9559 47.1892 40.7346 32.6414 27.6904 22.929 16.268 13.5078 11.4358 8.05258 6.08921 5.32056 3.82788 2.71524 2.28546 1.78791 1.26917 0.931063 0.807567 0.626123 0.424081 0.30663 0.225008 0.189033 0.14587 0.0819638 0.0792094 
8.56925 21.6027 31.6817 36.1944 34.5546 32.1339 25.8136 22.5282 19.2203 14.8198 12.3076 10.0044 7.71202 6.21971 4.52684 3.6859 2.75429 1.8957 1.35445 1.06621 0.87648 0.828779 0.575468 0.453342 0.294983 0.257488 0.194572 0.190481 0.105155 0.101847 
5.54141 13.3211 21.3985 26.9779 26.7268 25.0253 20.1556 18.6034 15.3644 13.3982 10.067 8.21179 7.12071 5.28789 4.31952 3.22114 2.45233 1.87708 1.3739 1.04521 0.724369 0.695439 0.489915 0.382512 0.336502 0.265674 0.180209 0.154662 0.100808 0.0738706 
3.60553 9.47829 14.9555 17.1566 18.8622 16.9816 16.1768 14.1125 12.0354 9.90032 8.65332 6.97461 5.73615 4.44836 3.23963 2.85157 2.11605 1.74104 1.4198 1.02406 0.788215 0.604449 0.494765 0.364877 0.280002 0.232882 0.132704 0.107366 0.0849529 0.0850943 
2.4409 6.93787 10.4866 11.6301 13.6016 13.533 12.3036 10.4914 9.46943 8.41293 6.75008 6.08402 5.33413 3.88 2.95158 2.45275 2.12438 1.48676 1.27916 1.16031 0.674331 0.567264 0.471324 0.377745 0.324852 0.199066 0.111821 0.0922189 0.0677657 0.0608488 
1.56906 4.59206 7.25727 8.113 9.87394 9.83486 9.09487 8.11126 8.20717 6.82025 5.70095 5.07801 4.29137 3.6958 2.61347 2.34552 1.68227 1.32621 1.0753 0.75329 0.604121 0.531216 0.455786 0.282512 0.252178 0.213254 0.144764 0.0862662 0.0568243 0.054661 
1.09284 3.18394 5.39247 6.33342 7.32115 7.49886 6.48537 5.97626 5.0465 5.01693 4.43726 3.8118 3.58169 2.78447 2.16794 1.96019 1.48515 1.13997 0.944818 0.659048 0.56222 0.465396 0.373873 0.297795 0.236144 0.156912 0.108968 0.0594873 0.0650225 0.0464037 
0.57506 2.1193 3.48252 4.54661 5.40679 5.5508 5.16511 4.87338 4.18931 3.91615 3.71688 2.88326 2.45675 1.9978 1.44599 1.48321 1.27321 1.1431 0.749926 0.59294 0.537297 0.334409 0.290539 0.247371 0.159664 0.126091 0.102094 0.117208 0.0564632 0.0485158 
0.570146 1.57614 2.48555 2.87908 3.68365 4.13926 3.49653 3.69556 3.35784 3.10622 2.54128 2.3462 1.96727 1.51279 1.3857 1.08577 1.06272 0.810339 0.726239 0.446238 0.379852 0.311522 0.261156 0.214694 0.146435 0.100215 0.0713422 0.0797473 0.0580391 0.0443934 
