0.063, 0.507, 0.773, 0.793, 0.688, 
0.363, 0.047, 0.825, 0.056, 0.89, 
0.455, 0.229, 0.866, 0.128, 0.315, 
0.81, 0.057, 0.033, 0.42, 0.667, 
0.96, 0.076, 0.876, 0.188, 0.927, 
0.232, 0.664, 0.816, 0.687, 0.463, 
0.795, 0.243, 0.001, 0.584, 0.084, 
0.93, 0.289, 0.311, 0.953, 0.513, 
0.649, 0.808, 0.435, 0.093, 0.475, 
0.252, 0.867, 0.804, 0.302, 0.835, 
0.542, 0.042, 0.613, 0.795, 0.989, 
0.374, 0.509, 0.351, 0.912, 0.564, 
0.262, 0.22, 0.709, 0.763, 0.539, 
0.352, 0.835, 0.977, 0.013, 0.643, 
0.915, 0.014, 0.013, 0.107, 0.329, 
0.639, 0.593, 0.57, 0.288, 0.996, 
0.857, 0.835, 0.06, 0.932, 0.594, 
0.382, 0.58, 0.367, 0.818, 0.775, 
0.479, 0.733, 0.229, 0.541, 0.013, 
0.773, 0.992, 0.37, 0.77, 0.968, 
0.26, 0.351, 0.543, 0.927, 0.454, 
0.066, 0.042, 0.665, 0.94, 0.81, 
0.511, 0.698, 0.442, 0.066, 0.303, 
0.633, 0.669, 0.492, 0.407, 0.993, 
0.72, 0.872, 0.612, 0.843, 0.598, 
0.973, 0.11, 0.193, 0.487, 0.607, 
0.41, 0.765, 0.166, 0.754, 0.677, 
0.459, 0.09, 0.214, 0.861, 0.573, 
0.508, 0.491, 0.706, 0.206, 0.128, 
0.663, 0.981, 0.809, 0.344, 0.342, 
0.856, 0.219, 0.429, 0.721, 0.103, 
0.71, 0.807, 0.242, 0.861, 0.159, 
0.807, 0.67, 0.586, 0.53, 0.603, 
0.66, 0.779, 0.876, 0.466, 0.878, 
0.85, 0.13, 0.488, 0.158, 0.664, 
0.496, 0.876, 0.475, 0.584, 0.188, 
0.089, 0.331, 0.238, 0.765, 0.514, 
0.739, 0.52, 0.982, 0.569, 0.941, 
0.292, 0.791, 0.089, 0.345, 0.674, 
0.558, 0.946, 0.903, 0.779, 0.585, 
0.942, 0.867, 0.386, 0.399, 0.114, 
0.61, 0.642, 0.528, 0.534, 0.453, 
0.376, 0.331, 0.417, 0.492, 0.33, 
0.263, 0.43, 0.053, 0.28, 0.675, 
0.1, 0.149, 0.122, 0.121, 0.357, 
0.053, 0.899, 0.44, 0.772, 0.336, 
0.532, 0.746, 0.069, 0.093, 0.388, 
0.278, 0.816, 0.208, 0.054, 0.479, 
0.766, 0.958, 0.468, 0.396, 0.807, 
0.273, 0.067, 0.865, 0.987, 0.664, 
0.574, 0.333, 0.351, 0.434, 0.231, 
0.934, 0.219, 0.324, 0.724, 0.138, 
0.466, 0.378, 0.287, 0.967, 0.681, 
0.107, 0.32, 0.798, 0.299, 0.8, 
0.014, 0.971, 0.892, 0.525, 0.516, 
0.376, 0.709, 0.985, 0.313, 0.403, 
0.111, 0.675, 0.675, 0.405, 0.012, 
0.694, 0.428, 0.692, 0.17, 0.398, 
0.229, 0.675, 0.609, 0.163, 0.29, 
0.536, 0.8, 0.405, 0.495, 0.751, 
0.235, 0.025, 0.794, 0.845, 0.583, 
0.028, 0.952, 0.328, 0.609, 0.66, 
0.86, 0.925, 0.62, 0.903, 0.397, 
0.633, 0.737, 0.31, 0.984, 0.38, 
0.828, 0.386, 0.502, 0.907, 0.524, 
0.387, 0.648, 0.261, 0.499, 0.589, 
0.463, 0.601, 0.567, 0.779, 0.36, 
0.39, 0.633, 0.816, 0.057, 0.674, 
0.964, 0.124, 0.197, 0.159, 0.912, 
0.803, 0.566, 0.363, 0.223, 0.693, 
0.564, 0.359, 0.391, 0.273, 0.712, 
0.826, 0.802, 0.003, 0.462, 0.863, 
0.274, 0.664, 0.163, 0.572, 0.209, 
0.752, 0.611, 0.876, 0.72, 0.811, 
0.118, 0.672, 0.198, 0.223, 0.971, 
0.121, 0.275, 0.937, 0.158, 0.001, 
0.366, 0.577, 0.758, 0.275, 0.252, 
0.987, 0.57, 0.184, 0.002, 0.987, 
0.926, 0.044, 0.205, 0.049, 0.768, 
0.024, 0.807, 0.421, 0.6, 0.257, 
0.341, 0.645, 0.039, 0.64, 0.775, 
0.061, 0.527, 0.203, 0.351, 0.806, 
0.851, 0.325, 0.102, 0.65, 0.392, 
0.69, 0.315, 0.095, 0.101, 0.869, 
0.189, 0.106, 0.767, 0.957, 0.027, 
0.566, 0.536, 0.381, 0.514, 0.221, 
0.616, 0.467, 0.647, 0.821, 0.733, 
0.5, 0.358, 0.767, 0.367, 0.318, 
0.666, 0.788, 0.711, 0.174, 0.798, 
0.393, 0.146, 0.146, 0.443, 0.269, 
0.64, 0.601, 0.163, 0.617, 0.801, 
0.738, 0.526, 0.911, 0.266, 0.899, 
0.754, 0.445, 0.804, 0.66, 0.912, 
0.716, 0.655, 0.235, 0.884, 0.796, 
0.693, 0.288, 0.87, 0.667, 0.809, 
0.219, 0.863, 0.846, 0.698, 0.869, 
0.086, 0.359, 0.531, 0.165, 0.228, 
0.335, 0.845, 0.204, 0.676, 0.957, 
0.838, 0.435, 0.383, 0.576, 0.54, 
0.435, 0.758, 0.418, 0.341, 0.732, 
0.258, 0.557, 0.633, 0.459, 0.425, 
0.634, 0.53, 0.502, 0.673, 0.768, 
0.586, 0.834, 0.042, 0.154, 0.502, 
0.943, 0.423, 0.333, 0.338, 0.153, 
0.27, 0.448, 0.909, 0.675, 0.296, 
0.956, 0.126, 0.607, 0.931, 0.118, 
0.407, 0.873, 0.654, 0.018, 0.241, 
0.085, 0.988, 0.522, 0.337, 0.358, 
0.876, 0.248, 0.113, 0.233, 0.232, 
0.785, 0.522, 0.152, 0.526, 0.706, 
0.952, 0.835, 0.988, 0.303, 0.446, 
0.908, 0.127, 0.881, 0.028, 0.442, 
0.292, 0.88, 0.478, 0.441, 0.984, 
0.402, 0.503, 0.408, 0.03, 0.803, 
0.702, 0.723, 0.552, 0.861, 0.44, 
0.401, 0.464, 0.785, 0.638, 0.377, 
0.047, 0.807, 0.984, 0.481, 0.629, 
0.315, 0.729, 0.951, 0.706, 0.208, 
0.869, 0.187, 0.828, 0.249, 0.257, 
0.284, 0.362, 0.494, 0.331, 0.115, 
0.145, 0.356, 0.946, 0.901, 0.589, 
0.44, 0.422, 0.964, 0.898, 0.869, 
0.21, 0.728, 0.003, 0.316, 0.193, 
0.234, 0.115, 0.683, 0.351, 0.29, 
0.674, 0.049, 0.274, 0.77, 0.642, 
0.337, 0.225, 0.85, 0.17, 0.797, 
0.563, 0.109, 0.579, 0.701, 0.163, 
0.724, 0.074, 0.145, 0.611, 0.457, 
0.581, 0.619, 0.607, 0.687, 0.914, 
0.632, 0.035, 0.76, 0.948, 0.016, 
0.679, 0.175, 0.102, 0.539, 0.722, 
0.871, 0.421, 0.967, 0.941, 0.115, 
0.066, 0.376, 0.737, 0.512, 0.629, 
0.535, 0.299, 0.392, 0.368, 0.623, 
0.255, 0.4, 0.379, 0.795, 0.58, 
0.565, 0.035, 0.947, 0.359, 0.402, 
0.057, 0.793, 0.161, 0.22, 0.336, 
0.375, 0.157, 0.85, 0.279, 0.3, 
0.045, 0.727, 0.904, 0.551, 0.548, 
0.659, 0.551, 0.658, 0.538, 0.473, 
0.031, 0.546, 0.227, 0.762, 0.346, 
0.03, 0.121, 0.273, 0.824, 0.479, 
0.707, 0.952, 0.186, 0.439, 0.558, 
0.411, 0.99, 0.204, 0.451, 0.283, 
0.142, 0.439, 0.417, 0.863, 0.044, 
0.2, 0.621, 0.334, 0.113, 0.045, 
0.911, 0.295, 0.663, 0.379, 0.63, 
0.725, 0.587, 0.596, 0.535, 0.789, 
0.543, 0.465, 0.786, 0.186, 0.198, 
0.25, 0.637, 0.259, 0.346, 0.771, 
0.405, 0.731, 0.826, 0.129, 0.554, 
0.297, 0.352, 0.926, 0.275, 0.769, 
0.043, 0.313, 0.994, 0.323, 0.599, 
0.074, 0.961, 0.458, 0.094, 0.708, 
0.972, 0.688, 0.657, 0.172, 0.529, 
0.096, 0.383, 0.393, 0.782, 0.876, 
0.49, 0.308, 0.514, 0.664, 0.037, 
0.754, 0.727, 0.638, 0.658, 0.119, 
0.758, 0.948, 0.652, 0.254, 0.443, 
0.619, 0.609, 0.142, 0.178, 0.041, 
0.514, 0.687, 0.827, 0.378, 0.134, 
0.118, 0.266, 0.354, 0.075, 0.98, 
0.154, 0.51, 0.478, 0.302, 0.898, 
0.307, 0.294, 0.105, 0.984, 0.863, 
0.3, 0.964, 0.246, 0.535, 0.069, 
0.762, 0.923, 0.545, 0.035, 0.352, 
0.171, 0.307, 0.313, 0.028, 0.873, 
0.331, 0.677, 0.383, 0.484, 0.384, 
0.267, 0.997, 0.687, 0.169, 0.104, 
0.57, 0.678, 0.333, 0.54, 0.614, 
0.99, 0.474, 0.884, 0.668, 0.076, 
0.41, 0.382, 0.912, 0.177, 0.059, 
0.422, 0.495, 0.452, 0.766, 0.841, 
0.868, 0.36, 0.155, 0.496, 0.768, 
0.135, 0.522, 0.303, 0.601, 0.936, 
0.997, 0.198, 0.647, 0.365, 0.628, 
0.304, 0.355, 0.184, 0.113, 0.451, 
0.928, 0.047, 0.669, 0.727, 0.646, 
0.493, 0.723, 0.282, 0.156, 0.531, 
0.684, 0.339, 0.215, 0.383, 0.986, 
0.301, 0.169, 0.1, 0.624, 0.415, 
0.291, 0.69, 0.97, 0.49, 0.861, 
0.632, 0.53, 0.234, 0.573, 0.55, 
0.482, 0.08, 0.999, 0.584, 0.625, 
0.128, 0.621, 0.24, 0.159, 0.935, 
0.407, 0.314, 0.003, 0.095, 0.02, 
0.351, 0.096, 0.237, 0.433, 0.418, 
0.691, 0.65, 0.041, 0.591, 0.896, 
0.05, 0.566, 0.149, 0.125, 0.098, 
0.391, 0.385, 0.119, 0.589, 0.394, 
0.877, 0.268, 0.728, 0.06, 0.561, 
0.593, 0.364, 0.879, 0.633, 0.117, 
0.356, 0.107, 0.214, 0.053, 0.024, 
0.736, 0.826, 0.241, 0.25, 0.163, 
0.59, 0.879, 0.151, 0.904, 0.446, 
0.647, 0.551, 0.566, 0.296, 0.159, 
0.76, 0.649, 0.208, 0.343, 0.792, 
0.132, 0.912, 0.848, 0.362, 0.693, 
0.782, 0.168, 0.188, 0.709, 0.47, 
0.561, 0.046, 0.976, 0.986, 0.708, 
0.269, 0.914, 0.647, 0.695, 0.264, 
0.507, 0.746, 0.079, 0.067, 0.573, 
0.435, 0.57, 0.65, 0.091, 0.857, 
0.275, 0.936, 0.412, 0.829, 0.043, 
0.69, 0.528, 0.683, 0.982, 0.005, 
0.698, 0.695, 0.853, 0.263, 0.375, 
0.724, 0.042, 0.884, 0.654, 0.571, 
0.113, 0.439, 0.568, 0.738, 0.852, 
0.772, 0.45, 0.267, 0.151, 0.283, 
0.768, 0.726, 0.238, 0.664, 0.813, 
0.625, 0.668, 0.841, 0.552, 0.255, 
0.366, 0.88, 0.353, 0.472, 0.759, 
0.53, 0.413, 0.328, 0.341, 0.159, 
0.918, 0.945, 0.035, 0.386, 0.766, 
0.269, 0.152, 0.915, 0.181, 0.566, 
0.536, 0.187, 0.594, 0.185, 0.554, 
0.6, 0.494, 0.156, 0.042, 0.05, 
0.495, 0.275, 0.808, 0.469, 0.827, 
0.001, 0.248, 0.512, 0.291, 0.244, 
0.219, 0.741, 0.883, 0.202, 0.967, 
0.626, 0.575, 0.115, 0.306, 0.864, 
0.623, 0.887, 0.188, 0.626, 0.894, 
0.298, 0.062, 0.951, 0.416, 0.356, 
0.549, 0.82, 0.571, 0.75, 0.78, 
0.084, 0.215, 0.49, 0.817, 0.609, 
0.84, 0.85, 0.206, 0.704, 0.132, 
0.012, 0.707, 0.111, 0.256, 0.213, 
0.394, 0.57, 0.576, 0.627, 0.939, 
0.367, 0.863, 0.983, 0.049, 0.815, 
0.251, 0.475, 0.709, 0.854, 0.556, 
0.08, 0.202, 0.852, 0.486, 0.228, 
0.56, 0.957, 0.31, 0.449, 0.813, 
0.166, 0.89, 0.897, 0.425, 0.833, 
0.563, 0.961, 0.712, 0.875, 0.943, 
0.196, 0.685, 0.915, 0.178, 0.93, 
0.253, 0.406, 0.542, 0.536, 0.802, 
0.897, 0.715, 0.898, 0.978, 0.558, 
0.48, 0.277, 0.407, 0.66, 0.274, 
0.274, 0.536, 0.672, 0.02, 0.92, 
0.351, 0.752, 0.272, 0.922, 0.236, 
0.737, 0.037, 0.849, 0.619, 0.51, 
0.778, 0.45, 0.857, 0.061, 0.474, 
0.643, 0.78, 0.893, 0.336, 0.458, 
0.692, 0.107, 0.748, 0.784, 0.421, 
0.093, 0.566, 0.252, 0.782, 0.35, 
0.563, 0.458, 0.551, 0.331, 0.487, 
0.349, 0.926, 0.237, 0.346, 0.85, 
0.603, 0.128, 0.389, 0.32, 0.797, 
0.467, 0.174, 0.677, 0.588, 0.058, 
0.266, 0.482, 0.912, 0.753, 0.179, 
0.97, 0.426, 0.601, 0.578, 0.239, 
0.713, 0.215, 0.431, 0.198, 0.456, 
0.771, 0.494, 0.892, 0.191, 0.807, 
0.692, 0.08, 0.262, 0.785, 0.531, 
0.707, 0.689, 0.434, 0.875, 0.365, 
0.608, 0.576, 0.61, 0.85, 0.654, 
0.104, 0.604, 0.533, 0.381, 0.568, 
0.422, 0.252, 0.936, 0.869, 0.943, 
0.604, 0.33, 0.24, 0.448, 0.43, 
0.189, 0.998, 0.382, 0.658, 0.356, 
0.392, 0.214, 0.475, 0.133, 0.424, 
0.448, 0.444, 0.217, 0.134, 0.727, 
0.137, 0.919, 0.658, 0.728, 0.32, 
0.312, 0.81, 0.768, 0.001, 0.74, 
0.566, 0.059, 0.453, 0.964, 0.714, 
0.219, 0.235, 0.457, 0.02, 0.054, 
0.553, 0.174, 0.975, 0.467, 0.184, 
0.409, 0.951, 0.71, 0.728, 0.696, 
0.925, 0.77, 0.847, 0.617, 0.029, 
0.662, 0.652, 0.842, 0.647, 0.547, 
0.128, 0.931, 0.915, 0.149, 0.6, 
0.056, 0.833, 0.472, 0.276, 0.588, 
0.127, 0.525, 0.507, 0.674, 0.452, 
0.884, 0.555, 0.013, 0.949, 0.348, 
0.347, 0.619, 0.109, 0.146, 0.644, 
0.181, 0.187, 0.159, 0.464, 0.427, 
0.438, 0.709, 0.433, 0.23, 0.644, 
0.754, 0.677, 0.365, 0.276, 0.126, 
0.68, 0.316, 0, 0.482, 0.114, 
0.81, 0.784, 0.313, 0.003, 0.193, 
0.938, 0.459, 0.205, 0.164, 0.118, 
0.824, 0.889, 0.956, 0.986, 0.146, 
0.468, 0.355, 0.745, 0.998, 0.179, 
0.341, 0.833, 0.989, 0.628, 0.716, 
0.46, 0.125, 0.039, 0.363, 0.903, 
0.557, 0.974, 0.436, 0.898, 0.858, 
0.105, 0.11, 0.328, 0.243, 0.284, 
0.569, 0.352, 0.491, 0.869, 0.269, 
0.866, 0.656, 0.92, 0.746, 0.63, 
0.416, 0.022, 0.416, 0.449, 0.212, 
0.478, 0.299, 0.537, 0.975, 0.338, 
0.663, 0.756, 0.256, 0.765, 0.474, 
0.996, 0.414, 0.131, 0.906, 0.877, 
0.379, 0.882, 0.212, 0.946, 0.165, 
0.8, 0.431, 0.925, 0.897, 0.925, 
0.321, 0.126, 0.216, 0.85, 0.592, 
0.814, 0.351, 0.026, 0.371, 0.395, 
0.666, 0.024, 0.37, 0.294, 0.721, 
0.945, 0.675, 0.244, 0.133, 0.515, 
0.175, 0.235, 0.884, 0.302, 0.764, 
0.31, 0.579, 0.595, 0.668, 0.609, 
0.716, 0.826, 0.862, 0.304, 0.985, 
0.176, 0.683, 0.366, 0.511, 0.384, 
0.556, 0.426, 0.982, 0.705, 0.314, 
0.143, 0.736, 0.817, 0.855, 0.547, 
0.96, 0.153, 0.491, 0.4, 0.181, 
0.697, 0.497, 0.818, 0.799, 0.556, 
0.187, 0.72, 0.138, 0.584, 0.754, 
0.438, 0.024, 0.207, 0.491, 0.666, 
0.74, 0.209, 0.006, 0.758, 0.196, 
0.918, 0.081, 0.813, 0.798, 0.23, 
0.733, 0.849, 0.631, 0.331, 0.88, 
0.725, 0.871, 0.762, 0.515, 0.351, 
0.377, 0.454, 0.411, 0.944, 0.29, 
0.933, 0.981, 0.302, 0.432, 0.615, 
0.03, 0.162, 0.885, 0.236, 0.01, 
0.022, 0.908, 0.126, 0.702, 0.169, 
0.203, 0.039, 0.791, 0.758, 0.833, 
0.803, 0.812, 0.217, 0.658, 0.505, 
0.985, 0.756, 0.888, 0.982, 0.214, 
0.322, 0.245, 0.155, 0.592, 0.178, 
0.095, 0.697, 0.998, 0.117, 0.811, 
0.978, 0.918, 0.819, 0.205, 0.489, 
0.121, 0.195, 0.494, 0.716, 0.876, 
0.69, 0.119, 0.712, 0.745, 0.702, 
0.189, 0.479, 0.213, 0.923, 0.701, 
0.23, 0.451, 0.013, 0.41, 0.378, 
0.233, 0.08, 0.389, 0.98, 0.074, 
0.221, 0.413, 0.025, 0.684, 0.021, 
0.199, 0.095, 0.57, 0.458, 0.783, 
0.277, 0.436, 0.26, 0.992, 0.667, 
0.814, 0.194, 0.752, 0.778, 0.798, 
0.938, 0.672, 0.517, 0.426, 0.299, 
0.906, 0.968, 0.618, 0.528, 0.483, 
0.384, 0.385, 0.744, 0.836, 0.515, 
0.09, 0.7, 0.028, 0.193, 0.961, 
0.952, 0.128, 0.979, 0.983, 0.893, 
0.749, 0.203, 0.906, 0.99, 0.74, 
0.581, 0.173, 0.394, 0.752, 0.556, 
0.891, 0.346, 0.493, 0.911, 0.058, 
0.244, 0.337, 0.525, 0.045, 0.311, 
0.559, 0.128, 0.986, 0.735, 0.385, 
0.726, 0.886, 0.251, 0.222, 0.229, 
0.63, 0.909, 0.013, 0.48, 0.359, 
0.042, 0.489, 0.605, 0.904, 0.387, 
0.309, 0.754, 0.814, 0.907, 0.266, 
0.199, 0.232, 0.986, 0.398, 0.948, 
0.845, 0.97, 0.471, 0.622, 0.587, 
0.672, 0.689, 0.567, 0.689, 0.82, 
0.404, 0.676, 0.319, 0.436, 0.825, 
0.427, 0.42, 0.958, 0.974, 0.348, 
0.088, 0.749, 0.344, 0.447, 0.148, 
0.622, 0.801, 0.67, 0.582, 0.716, 
0.675, 0.124, 0.329, 0.584, 0.636, 
0.303, 0.173, 0.093, 0.146, 0.514, 
0.162, 0.939, 0.416, 0.279, 0.827, 
0.338, 0.857, 0.827, 0.393, 0.162, 
0.812, 0.921, 0.189, 0.28, 0.809, 
0.899, 0.523, 0.715, 0.012, 0.942, 
0.451, 0.2, 0.895, 0.454, 0.953, 
0.139, 0.989, 0.25, 0.855, 0.087, 
0.756, 0.529, 0.546, 0.312, 0.642, 
0.078, 0.994, 0.446, 0.5, 0.928, 
0.19, 0.197, 0.026, 0.444, 0.736, 
0.819, 0.215, 0.535, 0.556, 0.834, 
0.52, 0.174, 0.247, 0.871, 0.115, 
0.265, 0.925, 0.273, 0.874, 0.392, 
0.883, 0.942, 0.776, 0.036, 0.831, 
0.994, 0.107, 0.889, 0.565, 0.866, 
0.403, 0.906, 0.243, 0.496, 0.281, 
0.582, 0.623, 0.639, 0.563, 0.01, 
0.311, 0.442, 0.288, 0.375, 0.978, 
0.2, 0.647, 0.581, 0.133, 0.211, 
0.045, 0.432, 0.264, 0.217, 0.486, 
0.386, 0.154, 0.394, 0.779, 0.609, 
0.274, 0.668, 0.541, 0.634, 0.2, 
0.843, 0.649, 0.614, 0.812, 0.82, 
0.181, 0.372, 0.069, 0.66, 0.682, 
0.792, 0.18, 0.629, 0.826, 0.586, 
0.45, 0.529, 0.355, 0.154, 0.142, 
0.442, 0.957, 0.323, 0.172, 0.041, 
0.193, 0.677, 0.531, 0.429, 0.611, 
0.607, 0.158, 0.91, 0.841, 0.06, 
0.325, 0.642, 0.348, 0.83, 0.324, 
0.424, 0.014, 0.057, 0.061, 0.868, 
0.244, 0.161, 0.426, 0.227, 0.143, 
0.118, 0.493, 0.183, 0.75, 0.055, 
0.219, 0.348, 0.366, 0.309, 0.038, 
0.46, 0.1, 0.553, 0.891, 0.721, 
0.442, 0.521, 0.092, 0.121, 0.672, 
0.055, 0.022, 0.862, 0.469, 0.81, 
0.589, 0.598, 0.518, 0.113, 0.134, 
0.888, 0.543, 0.197, 0.357, 0.441, 
0.216, 0.951, 0.617, 0.086, 0.185, 
0.338, 0.565, 0.579, 0.289, 0.361, 
0.696, 0.651, 0.515, 0.908, 0.799, 
0.312, 0.018, 0.647, 0.554, 0.15, 
0.335, 0.236, 0.868, 0.235, 0.592, 
0.643, 0.79, 0.682, 0.939, 0.342, 
0.375, 0.256, 0.5, 0.074, 0.597, 
0.142, 0.643, 0.37, 0.783, 0.8, 
0.713, 0.614, 0.782, 0.965, 0.925, 
0.445, 0.272, 0.705, 0.274, 0.135, 
0.831, 0.351, 0.379, 0.83, 0.066, 
0.467, 0.593, 0.413, 0.131, 0.199, 
0.516, 0.282, 0.785, 0.868, 0.233, 
0.416, 0.678, 0.523, 0.443, 0.024, 
0.356, 0.716, 0.701, 0.289, 0.339, 
0.815, 0.479, 0.133, 0.63, 0.058, 
0.119, 0.206, 0.911, 0.186, 0.473, 
0.936, 0.184, 0.949, 0.514, 0.553, 
0.035, 0.616, 0.706, 0.055, 0.124, 
0.788, 0.608, 0.129, 0.294, 0.822, 
0.394, 0.529, 0.387, 0.583, 0.301, 
0.824, 0.777, 0.401, 0.162, 0.283, 
0.129, 0.636, 0.722, 0.244, 0.601, 
0.424, 0.363, 0.139, 0.588, 0.843, 
0.299, 0.047, 0.904, 0.997, 0.74, 
0.015, 0.065, 0.033, 0.305, 0.83, 
0.324, 0.055, 0.48, 0.431, 0.206, 
0.161, 0.656, 0.589, 0.182, 0.883, 
0.829, 0.287, 0.321, 0.67, 0.274, 
0.561, 0.389, 0.254, 0.503, 0.87, 
0.175, 0.275, 0.451, 0.109, 0.817, 
0.757, 0.331, 0.058, 0.574, 0.82, 
0.563, 0.526, 0.632, 0.822, 0.324, 
0.513, 0.348, 0.018, 0.631, 0.111, 
0.628, 0.7, 0.441, 0.313, 0.358, 
0.666, 0.296, 0.63, 0.515, 0.455, 
0.453, 0.106, 0.746, 0.414, 0.498, 
0.117, 0.837, 0.666, 0.294, 0.39, 
0.221, 0.635, 0.11, 0.922, 0.298, 
0.075, 0.191, 0.408, 0.573, 0.617, 
0.881, 0.383, 0.17, 0.95, 0.206, 
0.61, 0.992, 0.326, 0.027, 0.154, 
0.131, 0.69, 0.182, 0.365, 0.628, 
0.628, 0.457, 0.374, 0.71, 0.914, 
0.854, 0.533, 0.404, 0.47, 0.468, 
0.417, 0.618, 0.189, 0.752, 0.059, 
0.545, 0.463, 0.855, 0.02, 0.776, 
0.615, 0.363, 0.433, 0.271, 0.627, 
0.732, 0.23, 0.141, 0.742, 0.297, 
0.481, 0.284, 0.02, 0.672, 0.113, 
0.163, 0.974, 0.642, 0.783, 0.893, 
0.519, 0.178, 0.571, 0.8, 0.357, 
0.088, 0.954, 0.761, 0.332, 0.489, 
0.87, 0.397, 0.032, 0.169, 0.655, 
0.611, 0.281, 0.235, 0.345, 0.897, 
0.98, 0.583, 0.597, 0.708, 0.736, 
0.742, 0.261, 0.14, 0.278, 0.931, 
0.282, 0.983, 0.476, 0.811, 0.872, 
0.34, 0.123, 0.382, 0.125, 0.011, 
0.2, 0.51, 0.174, 0.971, 0.12, 
0.679, 0.922, 0.26, 0.504, 0.847, 
0.755, 0.199, 0.428, 0.696, 0.17, 
0.259, 0.886, 0.988, 0.674, 0.033, 
0.073, 0.633, 0.184, 0.105, 0.078, 
0.957, 0.505, 0.11, 0.223, 0.531, 
0.149, 0.456, 0.779, 0.67, 0.403, 
0.345, 0.457, 0.662, 0.428, 0.067, 
0.48, 0.673, 0.34, 0.063, 0.462, 
0.699, 0.663, 0.664, 0.551, 0.593, 
0.368, 0.682, 0.961, 0.067, 0.488, 
0.757, 0.493, 0.464, 0.813, 0.271, 
0.441, 0.766, 0.217, 0.088, 0.052, 
0.746, 0.885, 0.351, 0.969, 0.989, 
0.677, 0.406, 0.896, 0.84, 0.141, 
0.49, 0.041, 0.065, 0.156, 0.181, 
0.315, 0.926, 0.056, 0.911, 0.428, 
0.193, 0.971, 0.266, 0.161, 0.973, 
0.069, 0.893, 0.216, 0.032, 0.993, 
0.732, 0.74, 0.538, 0.948, 0.573, 
0.706, 0.477, 0.715, 0.558, 0.945, 
0.501, 0.429, 0.158, 0.319, 0.137, 
0.506, 0.201, 0.034, 0.451, 0.377, 
0.76, 0.619, 0.149, 0.952, 0.792, 
0.258, 0.38, 0.007, 0.033, 0.574, 
0.377, 0.526, 0.042, 0.3, 0.869, 
0.545, 0.74, 0.602, 0.045, 0.208, 
0.868, 0.788, 0.295, 0.636, 0.964, 
0.262, 0.668, 0.111, 0.644, 0.299, 
0.351, 0.132, 0.181, 0.726, 0.94, 
0.367, 0.863, 0.463, 0.14, 0.525, 
0.196, 0.425, 0.488, 0.335, 0.276, 
0.153, 0.052, 0.091, 0.33, 0.409, 
0.79, 0.524, 0.742, 0.086, 0.959, 
0.355, 0.557, 0.191, 0.354, 0.686, 
0.566, 0.135, 0.37, 0.584, 0.414, 
0.365, 0.985, 0.624, 0.303, 0.658, 
0.198, 0.679, 0.868, 0.57, 0.998, 
0.324, 0.752, 0.766, 0.494, 0.93, 
0.504, 0.537, 0.216, 0.181, 0.19, 
0.242, 0.413, 0.641, 0.727, 0.082, 
0.458, 0.252, 0.855, 0.143, 0.277, 
0.389, 0.844, 0.967, 0.57, 0.748, 
0.304, 0.529, 0.521, 0.219, 0.451, 
0.624, 0.41, 0.638, 0.16, 0.802, 
0.556, 0.335, 0.174, 0.28, 0.93, 
0.173, 0.819, 0.927, 0.44, 0.942, 
0.02, 0.263, 0.956, 0.147, 0.696, 
0.352, 0.328, 0.435, 0.605, 0.622, 
0.695, 0.538, 0.89, 0.965, 0.87, 
0.827, 0.096, 0.861, 0.101, 0.036, 
0.483, 0.964, 0.926, 0.969, 0.933, 
0.984, 0.485, 0.876, 0.068, 0.78, 
0.776, 0.403, 0.195, 0.181, 0.697, 
0.25, 0.407, 0.301, 0.57, 0.467, 
0.515, 0.768, 0.929, 0.107, 0.382, 
0.821, 0.028, 0.878, 0.17, 0.671, 
0.158, 0.518, 0.073, 0.389, 0.779, 
0.496, 0.587, 0.415, 0.304, 0.136, 
0.675, 0.41, 0.719, 0.631, 0.691, 
0.637, 0.937, 0.985, 0.373, 0.565, 
0.844, 0.996, 0.372, 0.734, 0.552, 
0.877, 0.466, 0.531, 0.036, 0.909, 
0.723, 0.032, 0.006, 0.701, 0.345, 
0.485, 0.315, 0.437, 0.162, 0.462, 
0.22, 0.419, 0.279, 0.465, 0.818, 
0.09, 0.702, 0.319, 0.803, 0.089, 
0.043, 0.151, 0.478, 0.622, 0.194, 
0.432, 0.715, 0.818, 0.199, 0.421, 
0.726, 0.383, 0.786, 0.806, 0.245, 
0.207, 0.317, 0.932, 0.296, 0.543, 
0.664, 0.828, 0.473, 0.732, 0.048, 
0.793, 0.42, 0.013, 0.331, 0.267, 
0.368, 0.377, 0.999, 0.572, 0.358, 
0.714, 0.675, 0.893, 0.211, 0.21, 
0.166, 0.86, 0.417, 0.692, 0.839, 
0.745, 0.882, 0.743, 0.604, 0.609, 
0.199, 0.494, 0.247, 0.643, 0.174, 
0.86, 0.518, 0.281, 0.89, 0.718, 
0.434, 0.409, 0.576, 0.673, 0.354, 
0.612, 0.631, 0.727, 0.497, 0.807, 
0.007, 0.875, 0.549, 0.488, 0.758, 
0.693, 0.578, 0.419, 0.566, 0.554, 
0.35, 0.902, 0.067, 0.595, 0.35, 
0.617, 0.611, 0.434, 0.289, 0.018, 
0.087, 0.528, 0.315, 0.256, 0.01, 
0.882, 0.589, 0.255, 0.463, 0.885, 
0.787, 0.676, 0.712, 0.719, 0.902, 
0.609, 0.116, 0.632, 0.683, 0.818, 
0.584, 0.434, 0.371, 0.929, 0.729, 
0.149, 0.557, 0.815, 0.945, 0.094, 
0.329, 0.829, 0.425, 0.152, 0.494, 
0.978, 0.662, 0.987, 0.551, 0.525, 
0.279, 0.036, 0.657, 0.661, 0.037, 
0.654, 0.072, 0.102, 0.188, 0.456, 
0.746, 0.752, 0.865, 0.022, 0.244, 
0.315, 0.972, 0.852, 0.74, 0.493, 
0.28, 0.328, 0.902, 0.576, 0.345, 
0.768, 0.171, 0.325, 0.933, 0.98, 
0.847, 0.877, 0.062, 0.725, 0.666, 
0.042, 0.175, 0.438, 0.274, 0.281, 
0.389, 0.266, 0.111, 0.683, 0.28, 
0.198, 0.911, 0.42, 0.674, 0.097, 
0.146, 0.419, 0.287, 0.633, 0.873, 
0.091, 0.774, 0.175, 0.298, 0.938, 
0.863, 0.934, 0.223, 0.344, 0.053, 
0.655, 0.056, 0.914, 0.886, 0.377, 
0.79, 0.96, 0.928, 0.632, 0.802, 
0.427, 0.038, 0.227, 0.917, 0.108, 
0.203, 0.666, 0.313, 0.321, 0.887, 
0.12, 0.472, 0.176, 0.2, 0.173, 
0.276, 0.809, 0.899, 0.232, 0.022, 
0.854, 0.747, 0.763, 0.354, 0.799, 
0.641, 0.318, 0.499, 0.228, 0.804, 
0.513, 0.596, 0.154, 0.291, 0.844, 
0.871, 0.978, 0.721, 0.346, 0.92, 
0.742, 0.335, 0.141, 0.228, 0.901, 
0.369, 0.187, 0.183, 0.817, 0.594, 
0.266, 0.116, 0.911, 0.433, 0.376, 
0.465, 0.799, 0.016, 0.19, 0.345, 
0.141, 0.042, 0.333, 0.179, 0.687, 
0.83, 0.634, 0.211, 0.599, 0.873, 
0.006, 0.632, 0.347, 0.528, 0.897, 
0.27, 0.076, 0.046, 0.104, 0.62, 
0.428, 0.211, 0.812, 0.281, 0.451, 
0.422, 0.214, 0.043, 0.675, 0.997, 
0.928, 0.64, 0.723, 0.386, 0.909, 
0.992, 0.433, 0.087, 0.259, 0.21, 
0.811, 0.869, 0.056, 0.863, 0.688, 
0.538, 0.131, 0.556, 0.243, 0.794, 
0.205, 0.868, 0.992, 0.887, 0.887, 
0.821, 0.449, 0.051, 0.533, 0.961, 
0.235, 0.741, 0.548, 0.76, 0.805, 
0.675, 0.288, 0.924, 0.153, 0.135, 
0.625, 0.277, 0.19, 0.173, 0.223, 
0.942, 0.669, 0.844, 0.131, 0.88, 
0.451, 0.659, 0.232, 0.885, 0.75, 
0.629, 0.818, 0.408, 0.315, 0.68, 
0.142, 0.539, 0.711, 0.515, 0.914, 
0.913, 0.42, 0.47, 0.91, 0.541, 
0.799, 0.454, 0.252, 0.115, 0.048, 
0.273, 0.003, 0.181, 0.314, 0.799, 
0.266, 0.632, 0.715, 0.249, 0.859, 
0.153, 0.526, 0.39, 0.014, 0.314, 
0.263, 0.156, 0.384, 0.313, 0.686, 
0.525, 0.363, 0.907, 0.568, 0.89, 
0.144, 0.933, 0.835, 0.931, 0.666, 
0.723, 0.201, 0.448, 0.285, 0.573, 
0.766, 0.162, 0.679, 0.806, 0.325, 
0.661, 0.918, 0.294, 0.031, 0.994, 
0.194, 0.339, 0.71, 0.424, 0.227, 
0.268, 0.634, 0.851, 0.846, 0.15, 
0.521, 0.312, 0.285, 0.33, 0.452, 
0.863, 0.477, 0.775, 0.2, 0.234, 
0.116, 0.86, 0.522, 0.333, 0.058, 
0.921, 0.303, 0.319, 0.167, 0.222, 
0.563, 0.672, 0.318, 0.419, 0.576, 
0.147, 0.336, 0.37, 0.841, 0.982, 
0.092, 0.579, 0.823, 0.367, 0.093, 
0.254, 0.356, 0.65, 0.836, 0.47, 
0.566, 0.192, 0.776, 0.468, 0.734, 
0.89, 0.708, 0.401, 0.874, 0.598, 
0.832, 0.76, 0.84, 0.297, 0.73, 
0.323, 0.284, 0.014, 0.534, 0.805, 
0.252, 0.046, 0.907, 0.8, 0.449, 
0.248, 0.721, 0.368, 0.441, 0.867, 
0.976, 0.376, 0.091, 0.906, 0.17, 
0.571, 0.138, 0.279, 0.172, 0.965, 
0.07, 0.203, 0.528, 0.948, 0.631, 
0.38, 0.551, 0.881, 0.46, 0.736, 
0.109, 0.667, 0.931, 0.81, 0.645, 
0.414, 0.417, 0.635, 0.016, 0.32, 
0.188, 0.498, 0.136, 0.356, 0.303, 
0.751, 0.433, 0.491, 0.59, 0.356, 
0.074, 0.167, 0.123, 0.325, 0.568, 
0.274, 0.128, 0.61, 0.676, 0.527, 
0.302, 0.586, 0.51, 0.574, 0.293, 
0.451, 0.666, 0.694, 0.709, 0.767, 
0.522, 0.974, 0.965, 0.168, 0.172, 
0.876, 0.233, 0.824, 0.325, 0.834, 
0.065, 0.618, 0.118, 0.926, 0.536, 
0.717, 0.959, 0.977, 0.875, 0.546, 
0.081, 0.291, 0.907, 0.324, 0.344, 
0.053, 0.108, 0.32, 0.712, 0.438, 
0.046, 0.373, 0.407, 0.41, 0.491, 
0.141, 0.18, 0.535, 0.883, 0.548, 
0.839, 0.354, 0.661, 0.969, 0.017, 
0.458, 0.247, 0.619, 0.101, 0.979, 
0.767, 0.925, 0.055, 0.503, 0.41, 
0.733, 0.451, 0.383, 0.798, 0.874, 
0.305, 0.048, 0.652, 0.74, 0.84, 
0.156, 0.84, 0.088, 0.337, 0.694, 
0.755, 0.372, 0.358, 0.554, 0.592, 
0.72, 0.794, 0.347, 0.766, 0.83, 
0.09, 0.415, 0.822, 0.355, 0.197, 
0.857, 0.453, 0.39, 0.296, 0.758, 
0.372, 0.744, 0.973, 0.522, 0.254, 
0.877, 0.612, 0.956, 0.97, 0.09, 
0.666, 0.079, 0.322, 0.463, 0.962, 
0.386, 0.427, 0.055, 0.322, 0.01, 
0.27, 0.638, 0.487, 0.638, 0.71, 
0.851, 0.347, 0.651, 0.643, 0.894, 
0.806, 0.657, 0.494, 0.203, 0.09, 
0.694, 0.55, 0.887, 0.98, 0.002, 
0.73, 0.33, 0.432, 0.787, 0.864, 
0.086, 0.66, 0.25, 0.39, 0.568, 
0.247, 0.925, 0.743, 0.124, 0.707, 
0.214, 0.152, 0.07, 0.498, 0.708, 
0.091, 0.334, 0.837, 0.936, 0.643, 
0.931, 0.114, 0.459, 0.506, 0.827, 
0.127, 0.238, 0.784, 0.937, 0.21, 
0.21, 0.324, 0.225, 0.154, 0.298, 
0.52, 0.025, 0.996, 0.941, 0.368, 
0.624, 0.167, 0.392, 0.291, 0.843, 
0.113, 0.755, 0.646, 0.357, 0.637, 
0.971, 0.189, 0.479, 0.508, 0.081, 
0.291, 0.312, 0.629, 0.752, 0.451, 
0.447, 0.192, 0.341, 0.688, 0.887, 
0.543, 0.594, 0.514, 0.298, 0.606, 
0.203, 0.067, 0.033, 0.441, 0.172, 
0.857, 0.875, 0.272, 0.05, 0.66, 
0.636, 0.455, 0.05, 0.386, 0.807, 
0.281, 0.888, 0.113, 0.983, 0.294, 
0.921, 0.173, 0.731, 0.81, 0.466, 
0.674, 0.641, 0.384, 0.186, 0.653, 
0.436, 0.359, 0.989, 0.798, 0.968, 
0.267, 0.235, 0.232, 0.277, 0.295, 
0.216, 0.684, 0.33, 0.394, 0.981, 
0.843, 0.821, 0.824, 0.808, 0.379, 
0.272, 0.091, 0.263, 0.204, 0.141, 
0.809, 0.546, 0.739, 0.542, 0.399, 
0.338, 0.871, 0.126, 0.15, 0.108, 
0.722, 0.14, 0.309, 0.011, 0.386, 
0.802, 0.119, 0.709, 0.08, 0.16, 
0.791, 0.253, 0.288, 0.99, 0.233, 
0.065, 0.003, 0.562, 0.379, 0.052, 
0.993, 0.599, 0.78, 0.302, 0.307, 
0.439, 0.003, 0.53, 0.688, 0.465, 
0.883, 0.505, 0.503, 0.214, 0.693, 
0.078, 0.637, 0.609, 0.223, 0.585, 
0.406, 0.87, 0.14, 0.032, 0.033, 
0.501, 0.22, 0.555, 0.167, 0.102, 
0.518, 0.006, 0.036, 0.966, 0.091, 
0.589, 0.842, 0.203, 0.772, 0.154, 
0.514, 0.189, 0.775, 0.187, 0.54, 
0.646, 0.709, 0.53, 0.961, 0.267, 
0.096, 0.197, 0.959, 0.691, 0.099, 
0.007, 0.813, 0.176, 0.81, 0.398, 
0.024, 0.091, 0.725, 0.295, 0.253, 
0.517, 0.887, 0.79, 0.775, 0.731, 
0.979, 0.891, 0.108, 0.673, 0.889, 
0.993, 0.507, 0.219, 0.573, 0.913, 
0.456, 0.216, 0.072, 0.263, 0.307, 
0.416, 0.788, 0.778, 0.718, 0.943, 
0.034, 0.154, 0.694, 0.058, 0.447, 
0.837, 0.38, 0.162, 0.158, 0.427, 
0.508, 0.174, 0.055, 0.563, 0.349, 
0.47, 0.529, 0.597, 0.506, 0.902, 
0.659, 0.45, 0.032, 0.303, 0.802, 
0.568, 0.754, 0.324, 0.486, 0.698, 
0.65, 0.443, 0.005, 0.911, 0.337, 
0.25, 0.06, 0.466, 0.576, 0.917, 
0.211, 0.851, 0.247, 0.477, 0.896, 
0.748, 0.006, 0.003, 0.847, 0.806, 
0.218, 0.758, 0.809, 0.116, 0.027, 
0.785, 0.707, 0.032, 0.572, 0.024, 
0.937, 0.797, 0.938, 0.42, 0.913, 
0.59, 0.08, 0.476, 0.1, 0.997, 
0.818, 0.743, 0.587, 0.71, 0.865, 
0.84, 0.791, 0.468, 0.431, 0.337, 
0.54, 0.42, 0.219, 0.339, 0.79, 
0.337, 0.359, 0.325, 0.757, 0.336, 
0.304, 0.075, 0.741, 0.325, 0.03, 
0.257, 0.729, 0.477, 0.788, 0.568, 
0.264, 0.694, 0.202, 0.007, 0.216, 
0.555, 0.042, 0.254, 0.723, 0.197, 
0.631, 0.48, 0.847, 0.679, 0.429, 
0.223, 0.763, 0.984, 0.837, 0.692, 
0.767, 0.294, 0.463, 0.366, 0.498, 
0.513, 0.189, 0.051, 0.194, 0.925, 
0.829, 0.613, 0.48, 0.573, 0.248, 
0.183, 0.033, 0.7, 0.889, 0.736, 
0.372, 0.621, 0.2, 0.543, 0.321, 
0.815, 0.663, 0.776, 0.119, 0.145, 
0.852, 0.365, 0.097, 0.324, 0.065, 
0.809, 0.201, 0.504, 0.337, 0.465, 
0.67, 0.119, 0.307, 0.724, 0.066, 
0.794, 0.523, 0.684, 0.055, 0.592, 
0.56, 0.557, 0.579, 0.182, 0.848, 
0.046, 0.593, 0.732, 0.547, 0.622, 
0.642, 0.124, 0.454, 0.161, 0.884, 
0.368, 0.862, 0.035, 0.538, 0.964, 
0.512, 0.876, 0.292, 0.61, 0.83, 
0.804, 0.272, 0.805, 0.253, 0.8, 
0.305, 0.512, 0.941, 0.782, 0.111, 
0.463, 0.408, 0.686, 0.303, 0.094, 
0.903, 0.178, 0.045, 0.441, 0.273, 
0.608, 0.575, 0.74, 0.109, 0.772, 
0.891, 0.236, 0.107, 0.763, 0.972, 
0.013, 0.206, 0.014, 0.809, 0.43, 
0.012, 0.227, 0.655, 0.802, 0.889, 
0.963, 0.664, 0.568, 0.6, 0.263, 
0.939, 0.701, 0.364, 0.116, 0.502, 
0.064, 0.598, 0.801, 0.466, 0.118, 
0.8, 0.47, 0.27, 0.88, 0.634, 
0.551, 0.006, 0.242, 0.818, 0.305, 
0.781, 0.549, 0.265, 0.301, 0.521, 
0.639, 0.764, 0.979, 0.399, 0.513, 
0.264, 0.752, 0.998, 0.417, 0.458, 
0.131, 0.351, 0.177, 0.301, 0.316, 
0.093, 0.712, 0.661, 0.598, 0.682, 
0.136, 0.724, 0, 0.395, 0.88, 
0.947, 0.118, 0.757, 0.65, 0.06, 
0.997, 0.4, 0.335, 0.661, 0.198, 
0.33, 0.298, 0.288, 0.538, 0.823, 
0.706, 0.288, 0.712, 0.32, 0.18, 
0.142, 0.066, 0.841, 0.865, 0.157, 
0.191, 0.992, 0.532, 0.363, 0.581, 
0.523, 0.271, 0.681, 0.22, 0.696, 
0.277, 0.333, 0.235, 0.027, 0.499, 
0.718, 0.013, 0.244, 0.139, 0.519, 
0.644, 0.303, 0.097, 0.392, 0.834, 
0.136, 0.922, 0.465, 0.907, 0.638, 
0.217, 0.024, 0.535, 0.063, 0.204, 
0.189, 0.87, 0.78, 0.894, 0.076, 
0.333, 0.255, 0.119, 0.907, 0.272, 
0.986, 0.801, 0.733, 0.84, 0.546, 
0.468, 0.622, 0.199, 0.868, 0.716, 
0.344, 0.034, 0.919, 0.233, 0.269, 
0.335, 0.954, 0.008, 0.734, 0.174, 
0.383, 0.344, 0.659, 0.62, 0.64, 
0.527, 0.924, 0.27, 0.016, 0.846, 
0.423, 0.54, 0.942, 0.05, 0.547, 
0.886, 0.342, 0.165, 0.149, 0.811, 
0.496, 0.293, 0.689, 0.103, 0.717, 
0.395, 0.139, 0.948, 0.343, 0.31, 
0.19, 0.213, 0.672, 0.056, 0.885, 
0.223, 0.886, 0.313, 0.288, 0.569, 
0.029, 0.116, 0.41, 0.646, 0.566, 
0.351, 0.736, 0.384, 0.663, 0.558, 
0.468, 0.423, 0.243, 0.85, 0.475, 
0.858, 0.507, 0.366, 0.315, 0.061, 
0.132, 0.563, 0.642, 0.476, 0.275, 
0.66, 0.331, 0.943, 0.311, 0.228, 
0.202, 0.558, 0.966, 0.263, 0.049, 
0.071, 0.842, 0.943, 0.38, 0.285, 
0.469, 0.96, 0.139, 0.155, 0.475, 
0.317, 0.717, 0.138, 0.96, 0.628, 
0.621, 0.32, 0.729, 0.503, 0, 
0.114, 0.767, 0.693, 0.348, 0.755, 
0.321, 0.545, 0.664, 0.124, 0.961, 
0.073, 0.111, 0.166, 0.067, 0.825, 
0.758, 0.638, 0.649, 0.129, 0.305, 
0.001, 0.57, 0.613, 0.937, 0.577, 
0.908, 0.339, 0.769, 0.086, 0.087, 
0.466, 0.681, 0.768, 0.348, 0.905, 
0.106, 0.203, 0.334, 0.438, 0.482, 
0.108, 0.08, 0.848, 0.947, 0.228, 
0.616, 0.671, 0.424, 0.979, 0.018, 
0.042, 0.695, 0.894, 0.519, 0.097, 
0.925, 0.292, 0.88, 0.109, 0.822, 
0.59, 0.933, 0.62, 0.372, 0.869, 
0.219, 0.73, 0.195, 0.312, 0.846, 
0.844, 0.898, 0.91, 0.547, 0.038, 
0.332, 0.192, 0.873, 0.912, 0.432, 
0.099, 0.088, 0.66, 0.229, 0.877, 
0.555, 0.355, 0.906, 0.197, 0.562, 
0.529, 0.965, 0.168, 0.612, 0.734, 
0.731, 0.874, 0.667, 0.118, 0.792, 
0.674, 0.896, 0.371, 0.423, 0.489, 
0.512, 0.842, 0.395, 0.867, 0.071, 
0.116, 0.575, 0.35, 0.532, 0.853, 
0.107, 0.396, 0.757, 0.41, 0.912, 
0.996, 0.109, 0.638, 0.503, 0.638, 
0.474, 0.406, 0.916, 0.726, 0.516, 
0.167, 0.961, 0.592, 0.068, 0.62, 
0.536, 0.757, 0.361, 0.908, 0.848, 
0.237, 0.216, 0.683, 0.613, 0.11, 
0.949, 0.247, 0.721, 0.843, 0.517, 
0.814, 0.175, 0.112, 0.83, 0.462, 
0.625, 0.149, 0.417, 0.302, 0.824, 
0.466, 0.679, 0.491, 0.349, 0.242, 
0.026, 0.093, 0.758, 0.187, 0.333, 
0.1, 0.827, 0.925, 0.863, 0.308, 
0.809, 0.472, 0.403, 0.145, 0.046, 
0.179, 0.003, 0.719, 0.662, 0.066, 
0.199, 0.936, 0.342, 0.264, 0.953, 
0.684, 0.087, 0.086, 0.299, 0.62, 
0.262, 0.21, 0.979, 0.128, 0.041, 
0.811, 0.901, 0.73, 0.284, 0.195, 
0.409, 0.058, 0.932, 0.863, 0.351, 
0.602, 0.412, 0.076, 0.928, 0.109, 
0.383, 0.098, 0.151, 0.516, 0.317, 
0.485, 0.832, 0.418, 0.841, 0.369, 
0.68, 0.833, 0.586, 0.95, 0.678, 
0.587, 0.377, 0.844, 0.696, 0.094, 
0.058, 0.721, 0.8, 0.826, 0.487, 
0.961, 0.176, 0.82, 0.801, 0.077, 
0.619, 0.8, 0.544, 0.239, 0.015, 
0.57, 0.333, 0.652, 0.656, 0.43, 
0.958, 0.659, 0.823, 0.09, 0.866, 
0.094, 0.187, 0.008, 0.725, 0.367, 
0.046, 0.936, 0.11, 0.045, 0.987, 
0.109, 0.48, 0.47, 0.494, 0.054, 
0.014, 0.134, 0.645, 0.208, 0.09, 
0.545, 0.349, 0.45, 0.527, 0.55, 
0.801, 0.018, 0.813, 0.79, 0.119, 
0.566, 0.23, 0.915, 0.65, 0.686, 
0.551, 0.411, 0.671, 0.448, 0.52, 
0.423, 0.77, 0.467, 0.12, 0.119, 
0.777, 0.168, 0.275, 0.609, 0.653, 
0.581, 0.237, 0.329, 0.34, 0.957, 
0.923, 0.835, 0.953, 0.005, 0.752, 
0.847, 0.192, 0.191, 0.925, 0.093, 
0.22, 0.284, 0.285, 0.337, 0.756, 
0.806, 0.488, 0.448, 0.494, 0.292, 
0.654, 0.66, 0.73, 0.314, 0.391, 
0.963, 0.603, 0, 0.936, 0.695, 
0.633, 0.641, 0.361, 0.802, 0.882, 
0.119, 0.389, 0.249, 0.826, 0.036, 
0.321, 0.179, 0.129, 0.068, 0.632, 
0.761, 0.412, 0.634, 0.798, 0.887, 
0.582, 0.345, 0.3, 0.1, 0.448, 
0.324, 0.291, 0.607, 0.999, 0.375, 
0.877, 0.77, 0.038, 0.967, 0.104, 
0.692, 0.131, 0.615, 0.308, 0.898, 
0.198, 0.926, 0.44, 0.669, 0.919, 
0.365, 0.032, 0.554, 0.911, 0.773, 
0.889, 0.149, 0.467, 0.912, 0.008, 
0.007, 0.26, 0.246, 0.024, 0.587, 
0.658, 0.452, 0.482, 0.707, 0.826, 
0.616, 0.002, 0.616, 0.789, 0.887, 
0.831, 0.954, 0.947, 0.131, 0.355, 
0.396, 0.912, 0.335, 0.66, 0.38, 
0.99, 0.509, 0.555, 0.05, 0.891, 
0.187, 0.771, 0.671, 0.885, 0.576, 
0.756, 0.591, 0.171, 0.341, 0.68, 
0.914, 0.661, 0.018, 0.789, 0.559, 
0.023, 0.622, 0.549, 0.906, 0.178, 
0.908, 0.794, 0.904, 0.275, 0.506, 
0.662, 0.16, 0.008, 0.115, 0.938, 
0.045, 0.448, 0.424, 0.245, 0.473, 
0.971, 0.026, 0.775, 0.716, 0.746, 
0.452, 0.367, 0.59, 0.904, 0.518, 
0.554, 0.449, 0.081, 0.876, 0.789, 
0.73, 0.849, 0.425, 0.373, 0.841, 
0.185, 0.934, 0.22, 0.606, 0.557, 
0.544, 0.839, 0.231, 0.506, 0.409, 
0.894, 0.52, 0.094, 0.061, 0.723, 
0.93, 0.6, 0.791, 0.479, 0.959, 
0.074, 0.445, 0.273, 0.317, 0.683, 
0.002, 0.848, 0.657, 0.386, 0.37, 
0.523, 0.261, 0.664, 0.347, 0.255, 
0.453, 0.622, 0.499, 0.641, 0.111, 
0.975, 0.364, 0.149, 0.17, 0.295, 
0.287, 0.359, 0.376, 0.492, 0.2, 
0.151, 0.502, 0.923, 0.342, 0.738, 
0.139, 0.702, 0.718, 0.294, 0.247, 
0.677, 0.112, 0.334, 0.631, 0.515, 
0.466, 0.119, 0.462, 0.65, 0.595, 
0.618, 0.598, 0.081, 0.507, 0.18, 
0.879, 0.005, 0.066, 0.33, 0.607, 
0.262, 0.886, 0.256, 0.723, 0.06, 
0.2, 0.932, 0.764, 0.481, 0.577, 
0.895, 0.014, 0.232, 0.465, 0.244, 
0.821, 0.847, 0.913, 0.972, 0.881, 
0.017, 0.97, 0.624, 0.011, 0.359, 
0.189, 0.889, 0.824, 0.352, 0.972, 
0.405, 0.51, 0.83, 0.352, 0.474, 
0.917, 0.092, 0.229, 0.656, 0.448, 
0.981, 0.963, 0.226, 0.564, 0.261, 
0.999, 0.814, 0.576, 0.318, 0.609, 
0.941, 0.517, 0.492, 0.903, 0.173, 
0.007, 0.89, 0.594, 0.221, 0.205, 
0.393, 0.263, 0.168, 0.222, 0.357, 
0.936, 0.381, 0.405, 0.019, 0.852, 
0.83, 0.318, 0.936, 0.093, 0.529, 
0.225, 0.436, 0.424, 0.724, 0.047, 
0.663, 0.843, 0.66, 0.202, 0.538, 
0.194, 0.359, 0.722, 0.833, 0.738, 
0.783, 0.013, 0.343, 0.409, 0.626, 
0.679, 0.851, 0.109, 0.129, 0.53, 
0.769, 0.941, 0.494, 0.447, 0.628, 
0.013, 0.618, 0.118, 0.051, 0.742, 
0.005, 0.794, 0.162, 0.965, 0.727, 
0.025, 0.083, 0.554, 0.702, 0.395, 
0.892, 0.933, 0.761, 0.497, 0.65, 
0.636, 0.373, 0.296, 0.63, 0.871, 
0.302, 0.357, 0.199, 0.352, 0.576, 
0.779, 0.417, 0.141, 0.206, 0.154, 
0.636, 0.632, 0.347, 0.019, 0.64, 
0.161, 0.247, 0.866, 0.679, 0.217, 
0.004, 0.907, 0.779, 0.163, 0.001, 
0.696, 0.387, 0.079, 0.887, 0.057, 
0.024, 0.59, 0.523, 0.045, 0.86, 
0.621, 0.123, 0.129, 0.437, 0.419, 
0.349, 0.735, 0.111, 0.685, 0.252, 
0.328, 0.464, 0.981, 0.827, 0.092, 
0.111, 0.558, 0.255, 0.313, 0.823, 
0.404, 0.161, 0.907, 0.321, 0.625, 
0.001, 0.427, 0.976, 0.234, 0.385, 
0.011, 0.233, 0.268, 0.001, 0.025, 
0.674, 0.929, 0.766, 0.818, 0.09, 
0.551, 0.649, 0.969, 0.85, 0.275, 
0.813, 0.4, 0.554, 0.706, 0.033, 
0.31, 0.895, 0.536, 0.863, 0.985, 
0.916, 0.076, 0.667, 0.438, 0.206, 
0.3, 0.216, 0.159, 0.493, 0.261, 
0.496, 0.1, 0.887, 0.814, 0.451, 
0.853, 0.351, 0.253, 0.514, 0.831, 
0.791, 0.49, 0.515, 0.205, 0.881, 
0.235, 0.032, 0.233, 0.644, 0.503, 
0.931, 0.739, 0.564, 0.983, 0.957, 
0.601, 0.443, 0.954, 0.848, 0.184, 
0.672, 0.552, 0.713, 0.626, 0.613, 
0.817, 0.898, 0.08, 0.901, 0.567, 
0.478, 0.209, 0.589, 0.673, 0.287, 
0.484, 0.891, 0.706, 0.069, 0.059, 
0.796, 0.081, 0.767, 0.841, 0.818, 
0.346, 0.831, 0.765, 0.566, 0.357, 
0.081, 0.343, 0.57, 0.773, 0.948, 
0.818, 0.771, 0.748, 0.34, 0.762, 
0.373, 0.485, 0.831, 0.809, 0.327, 
0.706, 0.679, 0.469, 0.312, 0.591, 
0.847, 0.939, 0.626, 0.879, 0.434, 
0.146, 0.157, 0.381, 0.064, 0.953, 
0.928, 0.573, 0.522, 0.611, 0.38, 
0.773, 0.776, 0.229, 0.985, 0.782, 
0.209, 0.188, 0.093, 0.679, 0.139, 
0.204, 0.93, 0.532, 0.747, 0.415, 
0.568, 0.883, 0.12, 0.667, 0.947, 
0.335, 0.267, 0.839, 0.526, 0.984, 
0.089, 0.598, 0.727, 0.963, 0.444, 
0.525, 0.221, 0.15, 0.199, 0.89, 
0.032, 0.391, 0.745, 0.67, 0.088, 
0.573, 0.931, 0.916, 0.872, 0.463, 
0.053, 0.602, 0.708, 0.484, 0.598, 
0.904, 0.425, 0.259, 0.875, 0.895, 
0.028, 0.571, 0.226, 0.468, 0.941, 
0.021, 0.159, 0.108, 0.141, 0.649, 
0.567, 0.634, 0.695, 0.415, 0.387, 
0.543, 0.539, 0.504, 0.015, 0.801, 
0.4, 0.107, 0.124, 0.871, 0.547, 
0.515, 0.81, 0.26, 0.963, 0.753, 
0.066, 0.243, 0.159, 0.471, 0.843, 
0.578, 0.626, 0.773, 0.947, 0.177, 
0.885, 0.535, 0.353, 0.54, 0.534, 
0.758, 0.848, 0.631, 0.328, 0.326, 
0.623, 0.427, 0.843, 0.44, 0.527, 
0.246, 0.989, 0.617, 0.636, 0.447, 
0.849, 0.523, 0.92, 0.138, 0.183, 
0.226, 0.732, 0.28, 0.148, 0.609, 
0.592, 0.108, 0.588, 0.982, 0.381, 
0.257, 0.957, 0.924, 0.04, 0.856, 
0.726, 0.808, 0.338, 0.696, 0.839, 
0.27, 0.263, 0.382, 0.939, 0.804, 
0.38, 0.352, 0.843, 0.871, 0.948, 
0.093, 0.685, 0.365, 0.268, 0.8, 
0.117, 0.987, 0.381, 0.228, 0.618, 
0.92, 0.362, 0.377, 0.685, 0.017, 
0.147, 0.087, 0.005, 0.934, 0.866, 
0.227, 0.575, 0.005, 0.604, 0.12, 
0.692, 0.614, 0.393, 0.504, 0.554, 
0.935, 0.007, 0.411, 0.784, 0.865, 
0.252, 0.839, 0.292, 0.498, 0.803, 
0.961, 0.504, 0.724, 0.362, 0.363, 
0.445, 0.438, 0.857, 0.759, 0.062, 
0.673, 0.261, 0.738, 0.776, 0.582, 
0.325, 0.628, 0.24, 0.262, 0.453, 
0.839, 0.902, 0.682, 0.85, 0.654, 
0.456, 0.916, 0.764, 0.44, 0.674, 
0.494, 0.387, 0.685, 0.165, 0.985, 
0.331, 0.856, 0.813, 0.953, 0.058, 
0.093, 0.72, 0.207, 0.236, 0.358, 
0.484, 0.839, 0.172, 0.329, 0.504, 
0.948, 0.15, 0.164, 0.581, 0.144, 
0.034, 0.635, 0.374, 0.16, 0.844, 
0.049, 0.806, 0.231, 0.394, 0.101, 
0.753, 0.209, 0.806, 0.135, 0.142, 
0.395, 0.677, 0.036, 0.267, 0.634, 
0.319, 0.622, 0.05, 0.145, 0.391, 
0.903, 0.33, 0.319, 0.269, 0.695, 
0.369, 0.953, 0.322, 0.732, 0.905, 
0.683, 0.812, 0.522, 0.848, 0.028, 
0.291, 0.172, 0.813, 0.187, 0.211, 
0.121, 0.631, 0.733, 0.843, 0.09, 
0.384, 0.801, 0.925, 0.706, 0.37, 
0.773, 0.735, 0.591, 0.729, 0.473, 
0.874, 0.825, 0.353, 0.109, 0.977, 
0.577, 0.113, 0.095, 0.411, 0.124, 
0.969, 0.271, 0.581, 0.88, 0.351, 
0.391, 0.09, 0.373, 0.952, 0.925, 
0.956, 0.015, 0.214, 0.771, 0.36, 
0.196, 0.653, 0.521, 0.156, 0.889, 
0.402, 0.257, 0.452, 0.586, 0.63, 
0.908, 0.534, 0.057, 0.919, 0.147, 
0.739, 0.759, 0.879, 0.944, 0.967, 
0.465, 0.306, 0.205, 0.106, 0.86, 
0.93, 0.373, 0.384, 0.132, 0.829, 
0.058, 0.278, 0.546, 0.418, 0.791, 
0.414, 0.548, 0.519, 0.431, 0.845, 
0.113, 0.143, 0.478, 0.962, 0.389, 
0.01, 0.111, 0.01, 0.202, 0.909, 
0.629, 0.962, 0.728, 0.235, 0.069, 
0.509, 0.958, 0.628, 0.235, 0.767, 
0.481, 0.694, 0.621, 0.688, 0.156, 
0.729, 0.814, 0.701, 0.881, 0.103, 
0.739, 0.011, 0.487, 0.148, 0.083, 
0.037, 0.741, 0.466, 0.402, 0.793, 
0.173, 0.856, 0.975, 0.974, 0.957, 
0.932, 0.031, 0.969, 0.682, 0.19, 
0.041, 0.48, 0.661, 0.967, 0.404, 
0.486, 0.531, 0.195, 0.189, 0.48, 
0.919, 0.179, 0.91, 0.031, 0.427, 
0.141, 0.515, 0.967, 0.608, 0.759, 
0.958, 0.544, 0.266, 0.906, 0.998, 
0.755, 0.231, 0.116, 0.195, 0.975, 
0.456, 0.305, 0.15, 0.1, 0.297, 
0.043, 0.031, 0.919, 0.35, 0.503, 
0.814, 0.184, 0.023, 0.161, 0.582, 
0.569, 0.062, 0.003, 0.702, 0.768, 
0.742, 0.362, 0.394, 0.838, 0.478, 
0.482, 0.242, 0.721, 0.654, 0.435, 
0.81, 0.902, 0.578, 0.972, 0.522, 
0.243, 0.5, 0.399, 0.878, 0.125, 
0.935, 0.117, 0.952, 0.285, 0.809, 
0.395, 0.148, 0.712, 0.624, 0.389, 
0.101, 0.119, 0.152, 0.37, 0.31, 
0.836, 0.684, 0.856, 0.156, 0.327, 
0.588, 0.93, 0.874, 0.248, 0.517, 
0.735, 0.181, 0.261, 0.943, 0.517, 
0.001, 0.822, 0.243, 0.349, 0.163, 
0.455, 0.148, 0.921, 0.448, 0.366, 
0.288, 0.963, 0.302, 0.51, 0.638, 
0.344, 0.986, 0.587, 0.698, 0.077, 
0.25, 0.998, 0.95, 0.872, 0.3, 
0.627, 0.388, 0.219, 0.982, 0.474, 
0.322, 0.036, 0.672, 0.387, 0.644, 
0.752, 0.143, 0.87, 0.704, 0.705, 
0.771, 0.089, 0.87, 0.774, 0.963, 
0.395, 0.023, 0.003, 0.919, 0.025, 
0.208, 0.04, 0.566, 0.894, 0.151, 
0.926, 0.521, 0.241, 0.941, 0.822, 
0.151, 0.473, 0.588, 0.524, 0.147, 
0.78, 0.914, 0.493, 0.884, 0.441, 
0.167, 0.645, 0.619, 0.026, 0.828, 
0.109, 0.338, 0.967, 0.156, 0.995, 
0.355, 0.67, 0.775, 0.649, 0.582, 
0.447, 0.621, 0.45, 0.647, 0.712, 
0.336, 0.258, 0.208, 0.82, 0.949, 
0.71, 0.362, 0.849, 0.701, 0.285, 
0.978, 0.585, 0.478, 0.797, 0.714, 
0.209, 0.255, 0.336, 0.517, 0.921, 
0.14, 0.432, 0.223, 0.164, 0.439, 
0.121, 0.004, 0.057, 0.584, 0.502, 
0.472, 0.48, 0.374, 0.551, 0.039, 
0.809, 0.174, 0.785, 0.47, 0.793, 
0.827, 0.847, 0.617, 0.454, 0.608, 
0.911, 0.758, 0.79, 0.658, 0.904, 
0.882, 0.923, 0.64, 0.819, 0.131, 
0.802, 0.271, 0.983, 0.974, 0.627, 
0.289, 0.761, 0.074, 0.643, 0.263, 
0.268, 0.597, 0.009, 0.055, 0.102, 
0.605, 0.47, 0.991, 0.747, 0.289, 
0.704, 0.082, 0.437, 0.369, 0.041, 
0.714, 0.036, 0.723, 0.675, 0.808, 
0.587, 0.208, 0.695, 0.36, 0.843, 
0.166, 0.031, 0.24, 0.908, 0.447, 
0.88, 0.618, 0.057, 0.202, 0.491, 
0.871, 0.939, 0.353, 0.782, 0.295, 
0.865, 0.618, 0.959, 0.919, 0.983, 
0.914, 0.049, 0.442, 0.732, 0.623, 
0.082, 0.819, 0.632, 0.26, 0.844, 
0.361, 0.086, 0.315, 0.179, 0.732, 
0.246, 0.262, 0.758, 0.928, 0.342, 
0.702, 0.993, 0.463, 0.274, 0.976, 
0.826, 0.02, 0.09, 0.525, 0.115, 
0.157, 0.083, 0.209, 0.095, 0.8, 
0.609, 0.23, 0.784, 0.642, 0.243, 
0.545, 0.137, 0.107, 0.639, 0.061, 
0.184, 0.318, 0.543, 0.479, 0.198, 
0.088, 0.86, 0.082, 0.825, 0.927, 
0.475, 0.26, 0.746, 0.317, 0.925, 
0.296, 0.267, 0.628, 0.203, 0.517, 
0.043, 0.156, 0.057, 0.096, 0.461, 
0.268, 0.403, 0.069, 0.277, 0.837, 
0.51, 0.34, 0.661, 0.573, 0.496, 
0.202, 0.008, 0.403, 0.426, 0.156, 
0.501, 0.614, 0.908, 0.899, 0.109, 
0.21, 0.882, 0.285, 0.784, 0.421, 
0.27, 0.32, 0.341, 0.751, 0.015, 
0.069, 0.225, 0.713, 0.792, 0.522, 
0.162, 0.432, 0.019, 0.152, 0.964, 
0.634, 0.192, 0.287, 0.115, 0.048, 
0.096, 0.806, 0.803, 0.436, 0.799, 
0.343, 0.069, 0.437, 0.786, 0.674, 
0.306, 0.648, 0.069, 0.081, 0.628, 
0.465, 0.728, 0.293, 0.995, 0.715, 
0.483, 0.807, 0.734, 0.644, 0.495, 
0.633, 0.715, 0.357, 0.951, 0.038, 
0.265, 0.912, 0.079, 0.51, 0.715, 
0.794, 0.835, 0.183, 0.896, 0.836, 
0.772, 0.249, 0.137, 0.98, 0.151, 
0.712, 0.594, 0.353, 0.526, 0.816, 
0.124, 0.64, 0.779, 0.276, 0.826, 
0.168, 0.113, 0.983, 0.507, 0.157, 
0.485, 0.207, 0.392, 0.45, 0.286, 
0.582, 0.495, 0.416, 0.633, 0.067, 
0.519, 0.655, 0.288, 0.624, 0.388, 
0.81, 0.692, 0.805, 0.813, 0.344, 
0.976, 0.75, 0.004, 0.272, 0.608, 
0.033, 0.158, 0.341, 0.362, 0.466, 
0.9, 0.938, 0.203, 0.762, 0.481, 
0.832, 0.245, 0.933, 0.365, 0.981, 
0.968, 0.018, 0.914, 0.783, 0.095, 
0.017, 0.909, 0.321, 0.564, 0.705, 
0.75, 0.31, 0.798, 0.503, 0.459, 
0.724, 0.362, 0.093, 0.034, 0.834, 
0.736, 0.714, 0.494, 0.701, 0.672, 
0.655, 0.172, 0.559, 0.029, 0.77, 
0.591, 0.73, 0.848, 0.582, 0.712, 
0.283, 0.96, 0.939, 0.746, 0.49, 
0.8, 0.97, 0.221, 0.457, 0.417, 
0.387, 0.889, 0.364, 0.594, 0.458, 
0.414, 0.568, 0.581, 0.192, 0.857, 
0.862, 0.693, 0.286, 0.225, 0.617, 
0.021, 0.439, 0.635, 0.694, 0.906, 
0.214, 0.435, 0.325, 0.499, 0.038, 
0.22, 0.317, 0.895, 0.305, 0.162, 
0.94, 0.872, 0.011, 0.357, 0.351, 
0.319, 0.111, 0.841, 0.798, 0.017, 
0.658, 0.292, 0.468, 0.92, 0.735, 
0.752, 0.558, 0.613, 0.579, 0.466, 
0.162, 0.468, 0.123, 0.953, 0.786, 
0.64, 0.258, 0.155, 0.289, 0.273, 
0.47, 0.86, 0.781, 0.748, 0.581, 
0.737, 0.869, 0.946, 0.949, 0.748, 
0.421, 0.474, 0.777, 0.376, 0.52, 
0.011, 0.603, 0.752, 0.877, 0.813, 
0.198, 0.019, 0.91, 0.56, 0.195, 
0.723, 0.116, 0.32, 0.143, 0.342, 
0.687, 0.983, 0.37, 0.492, 0.181, 
0.939, 0.603, 0.563, 0.592, 0.81, 
0.618, 0.919, 0.277, 0.466, 0.742, 
0.885, 0.041, 0.246, 0.4, 0.042, 
0.943, 0.406, 0.368, 0.04, 0.041, 
0.366, 0.303, 0.089, 0.243, 0.09, 
0.837, 0.079, 0.582, 0.304, 0.891, 
0.587, 0.211, 0.351, 0.715, 0.18, 
0.981, 0.479, 0.447, 0.258, 0.309, 
0.281, 0.111, 0.635, 0.384, 0.367, 
0.856, 0.63, 0.068, 0.487, 0.993, 
0.935, 0.915, 0.765, 0.767, 0.051, 
0.431, 0.743, 0.316, 0.164, 0.534, 
0.212, 0.371, 0.559, 0.12, 0.271, 
0.623, 0.667, 0.063, 0.377, 0.516, 
0.557, 0.405, 0.517, 0.51, 0.874, 
0.389, 0.28, 0.449, 0.804, 0.435, 
0.697, 0.577, 0.153, 0.149, 0.797, 
0.891, 0.656, 0.886, 0.918, 0.084, 
0.598, 0.665, 0.308, 0.36, 0.408, 
0.027, 0.692, 0.629, 0.074, 0.58, 
0.929, 0.818, 0.191, 0.559, 0.32, 
0.162, 0.889, 0.151, 0.585, 0.805, 
0.812, 0.332, 0.219, 0.224, 0.878, 
0.151, 0.198, 0.124, 0.146, 0.155, 
0.799, 0.085, 0.421, 0.117, 0.887, 
0.396, 0.792, 0.693, 0.525, 0.103, 
0.183, 0.068, 0.414, 0.327, 0.657, 
0.168, 0.914, 0.89, 0.706, 0.559, 
0.04, 0.835, 0.717, 0.529, 0.085, 
0.103, 0.03, 0.352, 0.865, 0.968, 
0.807, 0.26, 0.114, 0.023, 0.873, 
0.754, 0.477, 0.694, 0.949, 0.821, 
0.386, 0.012, 0.051, 0.088, 0.88, 
0.236, 0.875, 0.811, 0.065, 0.816, 
0.083, 0.292, 0.103, 0.594, 0.169, 
0.359, 0.335, 0.212, 0.264, 0.673, 
0.925, 0.073, 0.816, 0.33, 0.44, 
0.203, 0.233, 0.769, 0.463, 0.685, 
0.24, 0.22, 0.508, 0.156, 0.47, 
0.992, 0.464, 0.954, 0.045, 0.702, 
0.319, 0.427, 0.517, 0.287, 0.925, 
0.892, 0.774, 0.641, 0.09, 0.384, 
0.742, 0.129, 0.594, 0.069, 0.773, 
0.132, 0.824, 0.527, 0.751, 0.841, 
0.692, 0.555, 0.681, 0.874, 0.898, 
0.935, 0.432, 0.387, 0.301, 0.568, 
0.559, 0.161, 0.835, 0.043, 0.239, 
0.735, 0.283, 0.216, 0.652, 0.524, 
0.013, 0.82, 0.358, 0.689, 0.625, 
0.038, 0.789, 0.842, 0.698, 0.732, 
0.641, 0.98, 0.94, 0.863, 0.872, 
0.638, 0.876, 0.045, 0.505, 0.138, 
0.687, 0.917, 0.392, 0.453, 0.014, 
0.048, 0.755, 0.621, 0.184, 0.806, 
0.885, 0.339, 0.848, 0.782, 0.513, 
0.881, 0.857, 0.043, 0.938, 0.278, 
0.271, 0.619, 0.392, 0.143, 0.68, 
0.225, 0.765, 0.312, 0.074, 0.318, 
0.152, 0.668, 0.311, 0.523, 0.106, 
0.25, 0.103, 0.194, 0.767, 0.952, 
0.564, 0.582, 0.368, 0.284, 0.348, 
0.6, 0.575, 0.256, 0.13, 0.827, 
0.874, 0.198, 0.526, 0.123, 0.995, 
0.62, 0.542, 0.401, 0.967, 0.034, 
0.669, 0.65, 0.646, 0.658, 0.091, 
0.889, 0.451, 0.095, 0.894, 0.065, 
0.021, 0.529, 0.983, 0.68, 0.116, 
0.503, 0.112, 0.504, 0.647, 0.855, 
0.14, 0.888, 0.606, 0.466, 0.063, 
0.707, 0.644, 0.187, 0.32, 0.135, 
0.671, 0.881, 0.916, 0.001, 0.995, 
0.043, 0.11, 0.199, 0.996, 0.172, 
0.723, 0.541, 0.459, 0.872, 0.77, 
0.684, 0.266, 0.013, 0.284, 0.488, 
0.643, 0.045, 0.352, 0.633, 0.03, 
0.587, 0.723, 0.973, 0.569, 0.412, 
0.27, 0.387, 0.725, 0.344, 0.312, 
0.467, 0.175, 0.552, 0.373, 0.621, 
0.429, 0.075, 0.471, 0.639, 0.297, 
0.828, 0.34, 0.93, 0.074, 0.702, 
0.785, 0.911, 0.137, 0.915, 0.853, 
0.222, 0.625, 0.472, 0.961, 0.816, 
0.204, 0.886, 0.575, 0.566, 0.793, 
0.245, 0.503, 0.672, 0.898, 0.473, 
0.05, 0.539, 0.325, 0.569, 0.633, 
0.669, 0.721, 0.734, 0.11, 0.667, 
0.684, 0.401, 0.381, 0.733, 0.746, 
0.112, 0.892, 0.263, 0.065, 0.979, 
0.473, 0.731, 0.483, 0.457, 0.579, 
0.062, 0.195, 0.12, 0.843, 0.377, 
0.915, 0.277, 0.772, 0.785, 0.613, 
0.529, 0.409, 0.312, 0.185, 0.485, 
0.119, 0.893, 0.823, 0.583, 0.619, 
0.978, 0.286, 0.309, 0.948, 0.044, 
0.532, 0.065, 0.571, 0.816, 0.614, 
0.534, 0.322, 0.716, 0.602, 0.146, 
0.068, 0.636, 0.179, 0.533, 0.1, 
0.407, 0.574, 0.769, 0.92, 0.081, 
0.347, 0.698, 0.407, 0.289, 0.341, 
0.591, 0.352, 0.502, 0.381, 0.433, 
0.661, 0.141, 0.939, 0.332, 0.344, 
0.23, 0.007, 0.013, 0.005, 0.049, 
0.576, 0.603, 0.921, 0.875, 0.379, 
0.832, 0.984, 0.901, 0.91, 0.441, 
0.989, 0.55, 0.133, 0.316, 0.87, 
0.52, 0.74, 0.178, 0.982, 0.529, 
0.086, 0.669, 0.599, 0.739, 0.71, 
0.788, 0.655, 0.733, 0.572, 0.581, 
0.291, 0.331, 0.491, 0.946, 0.226, 
0.348, 0.472, 0.487, 0.843, 0.747, 
0.373, 0.178, 0.056, 0.129, 0.743, 
0.772, 0.869, 0.928, 0.341, 0.272, 
0.988, 0.347, 0.962, 0.529, 0.491, 
0.076, 0.229, 0.616, 0.985, 0.917, 
0.495, 0.183, 0.236, 0.284, 0.916, 
0.808, 0.351, 0.609, 0.925, 0.369, 
0.018, 0.873, 0.373, 0.948, 0.338, 
0.36, 0.275, 0.521, 0.459, 0.379, 
0.12, 0.672, 0.395, 0.308, 0.074, 
0.244, 0.528, 0.537, 0.927, 0.873, 
0.821, 0.975, 0.158, 0.554, 0.593, 
0.61, 0.467, 0.924, 0.208, 0.344, 
0.633, 0.375, 0.015, 0.656, 0.669, 
0.126, 0.13, 0.317, 0.936, 0.581, 
0.088, 0.111, 0.637, 0.818, 0.537, 
0.9, 0.756, 0.607, 0.295, 0.258, 
0.894, 0.255, 0.963, 0.393, 0.218, 
0.687, 0.809, 0.159, 0.647, 0.207, 
0.022, 0.075, 0.531, 0.425, 0.033, 
0.222, 0.676, 0.265, 0.504, 0.671, 
0.829, 0.453, 0.668, 0.654, 0.107, 
0.327, 0.76, 0.907, 0.008, 0.665, 
0.606, 0.056, 0.8, 0.633, 0.059, 
0.796, 0.066, 0.365, 0.724, 0.834, 
0.617, 0.208, 0.097, 0.617, 0.292, 
0.462, 0.2, 0.613, 0.859, 0.788, 
0.613, 0.23, 0.099, 0.899, 0.504, 
0.215, 0.331, 0.455, 0.024, 0.713, 
0.64, 0.491, 0.671, 0.497, 0.742, 
0.519, 0.23, 0.104, 0.064, 0.397, 
0.875, 0.146, 0.354, 0.888, 0.743, 
0.386, 0.324, 0.918, 0.573, 0.851, 
0.106, 0.528, 0.384, 0.561, 0.626, 
0.775, 0.132, 0.45, 0.997, 0.329, 
0.296, 0.303, 0.194, 0.412, 0.626, 
0.295, 0.864, 0.067, 0.979, 0.838, 
0.61, 0.079, 0.26, 0.665, 0.72, 
0.311, 0.122, 0.934, 0.771, 0.554, 
0.135, 0.178, 0.888, 0.956, 0.825, 
0.37, 0.026, 0.888, 0.71, 0.766, 
0.145, 0.022, 0.16, 0.955, 0.415, 
0.085, 0.533, 0.217, 0.733, 0.066, 
0.586, 0.116, 0.537, 0.034, 0.274, 
0.102, 0.699, 0.252, 0.937, 0.573, 
0.049, 0.618, 0.798, 0.28, 0.567, 
0.953, 0.488, 0.192, 0.65, 0.839, 
0.864, 0.717, 0.935, 0.709, 0.672, 
0.087, 0.087, 0.886, 0.922, 0.638, 
0.503, 0.719, 0.108, 0.892, 0.717, 
0.606, 0.234, 0.921, 0.629, 0.36, 
0.669, 0.751, 0.005, 0.149, 0.403, 
0.831, 0.389, 0.807, 0.47, 0.627, 
0.124, 0.788, 0.145, 0.374, 0.646, 
0.743, 0.273, 0.409, 0.962, 0.982, 
0.712, 0.224, 0.444, 0.631, 0.448, 
0.412, 0.99, 0.469, 0.158, 0.498, 
0.732, 0.922, 0.876, 0.98, 0.296, 
0.444, 0.484, 0.182, 0.651, 0.445, 
0.714, 0.107, 0.502, 0.614, 0.266, 
0.489, 0.68, 0.884, 0.641, 0.467, 
0.528, 0.566, 0.752, 0.318, 0.717, 
0.821, 0.286, 0.83, 0.468, 0.244, 
0.221, 0.729, 0.354, 0.867, 0.665, 
0.14, 0.546, 0.823, 0.972, 0.669, 
0.073, 0.668, 0.173, 0.433, 0.417, 
0.989, 0.633, 0.567, 0.323, 0.995, 
0.307, 0.708, 0.544, 0.853, 0.121, 
0.712, 0.834, 0.407, 0.615, 0.057, 
0.462, 0.422, 0.064, 0.19, 0.421, 
0.53, 0.985, 0.639, 0.347, 0.397, 
0.024, 0.076, 0.727, 0.219, 0.109, 
0.235, 0.164, 0.378, 0.353, 0.254, 
0.912, 0.117, 0.572, 0.571, 0.971, 
0.316, 0.523, 0.95, 0.658, 0.453, 
0.506, 0.676, 0.557, 0.673, 0.485, 
0.674, 0.518, 0.192, 0.262, 0.789, 
0.795, 0.534, 0.194, 0.635, 0.805, 
0.947, 0.869, 0.21, 0.081, 0.269, 
0.919, 0.719, 0.743, 0.465, 0.59, 
0.402, 0.81, 0.754, 0.358, 0.488, 
0.711, 0.896, 0.039, 0.265, 0.073, 
0.765, 0.446, 0.419, 0.812, 0.7, 
0.303, 0.663, 0.025, 0.163, 0.729, 
0.098, 0.618, 0.643, 0.802, 0.887, 
0.47, 0.637, 0.525, 0.81, 0.159, 
0.36, 0.752, 0.608, 0.026, 0.92, 
0.955, 0.534, 0.095, 0.08, 0.142, 
0.071, 0.066, 0.187, 0.603, 0.65, 
0.361, 0.615, 0.156, 0.003, 0.838, 
0.164, 0.038, 0.593, 0.831, 0.204, 
0.646, 0.392, 0.141, 0.019, 0.29, 
0.36, 0.394, 0.297, 0.299, 0.661, 
0.558, 0.893, 0.569, 0.976, 0.035, 
0.756, 0.288, 0.87, 0.328, 0.219, 
0.075, 0.272, 0.571, 0.601, 0.486, 
0.315, 0.842, 0.744, 0.991, 0.536, 
0.228, 0.47, 0.84, 0.222, 0.636, 
0.439, 0.03, 0.879, 0.566, 0.877, 
0.782, 0.169, 0.613, 0.474, 0.921, 
0.454, 0.643, 0.549, 0.956, 0.806, 
0.154, 0.7, 0.838, 0.707, 0.507, 
0.265, 0.964, 0.237, 0.845, 0.136, 
0.855, 0.255, 0.249, 0.384, 0.208, 
0.634, 0.772, 0.48, 0.954, 0.865, 
0.612, 0.179, 0.529, 0.268, 0.902, 
0.559, 0.122, 0.752, 0.383, 0.49, 
0.243, 0.319, 0.345, 0.423, 0.636, 
0.757, 0.049, 0.32, 0.342, 0.475, 
0.159, 0.827, 0.587, 0.295, 0.382, 
0.298, 0.351, 0.787, 0.796, 0.982, 
0.269, 0.26, 0.66, 0.852, 0.18, 
0.462, 0.338, 0.995, 0.212, 0.175, 
0.838, 0.788, 0.788, 0.985, 0.669, 
0.507, 0.302, 0.74, 0.197, 0.653, 
0.917, 0.563, 0.6, 0.562, 0.845, 
0.182, 0.77, 0.51, 0.18, 0.904, 
0.998, 0.578, 0.271, 0.994, 0.117, 
0.488, 0.456, 0.855, 0.873, 0.959, 
0.159, 0.241, 0.946, 0.523, 0.007, 
0.445, 0.398, 0.329, 0.666, 0.194, 
0.374, 0.025, 0.528, 0.639, 0.951, 
0.413, 0.444, 0.893, 0.446, 0.649, 
0.383, 0.275, 0.632, 0.62, 0.257, 
0.673, 0.585, 0.55, 0.852, 0.616, 
0.659, 0.346, 0.164, 0.616, 0.297, 
0.414, 0.164, 0.169, 0.54, 0.288, 
0.955, 0.334, 0.822, 0.14, 0.863, 
0.67, 0.037, 0.171, 0.36, 0.621, 
0.026, 0.526, 0.728, 0.555, 0.227, 
0.787, 0.682, 0.891, 0.246, 0.679, 
0.409, 0.743, 0.351, 0.381, 0.282, 
0.482, 0.068, 0.357, 0.764, 0.462, 
0.606, 0.041, 0.854, 0.591, 0.667, 
0.805, 0.85, 0.688, 0.114, 0.189, 
0.57, 0.004, 0.014, 0.354, 0.296, 
0.232, 0.279, 0.784, 0.394, 0.687, 
0.405, 0.154, 0.781, 0.837, 0.647, 
0.775, 0.033, 0.473, 0.555, 0.122, 
0.158, 0.229, 0.078, 0.572, 0.445, 
0.615, 0.622, 0.004, 0.266, 0.093, 
0.71, 0.306, 0.137, 0.9, 0.498, 
0.992, 0.71, 0.858, 0.02, 0.034, 
0.241, 0.549, 0.718, 0.128, 0.098, 
0.331, 0.905, 0.033, 0.634, 0.667, 
0.941, 0.882, 0.778, 0.204, 0.474, 
0.584, 0.503, 0.037, 0.823, 0.362, 
0.431, 0.117, 0.856, 0.154, 0.893, 
0.38, 0.989, 0.934, 0.907, 0.585, 
0.185, 0.058, 0.696, 0.485, 0.729, 
0.928, 0.104, 0.487, 0.758, 0.683, 
0.46, 0.898, 0.996, 0.992, 0.297, 
0.189, 0.747, 0.805, 0.965, 0.401, 
0.221, 0.375, 0.743, 0.056, 0.554, 
0.159, 0.758, 0.963, 0.049, 0.084, 
0.598, 0.397, 0.016, 0.327, 0.926, 
0.879, 0.101, 0.291, 0.085, 0.635, 
0.878, 0.74, 0.583, 0.373, 0.374, 
0.905, 0.002, 0.118, 0.889, 0.525, 
0.766, 0.771, 0.658, 0.482, 0.612, 
0.574, 0.074, 0.999, 0.421, 0.923, 
0.892, 0.988, 0.343, 0.878, 0.719, 
0.642, 0.796, 0.403, 0.62, 0.057, 
0.107, 0.006, 0.6, 0.78, 0.699, 
0.356, 0.852, 0.488, 0.957, 0.457, 
0.091, 0.517, 0.162, 0.355, 0.092, 
0.764, 0.525, 0.631, 0.121, 0.61, 
0.962, 0.675, 0.623, 0.595, 0.478, 
0.908, 0.775, 0.291, 0.329, 0.873, 
0.652, 0.009, 0.314, 0.591, 0.07, 
0.405, 0.273, 0.022, 0.094, 0.547, 
0.003, 0.036, 0.587, 0.12, 0.945, 
0.881, 0.372, 0.404, 0.282, 0.787, 
0.975, 0.721, 0.851, 0.923, 0.93, 
0.268, 0.884, 0.271, 0.096, 0.121, 
0.477, 0.393, 0.222, 0.571, 0.392, 
0.52, 0.862, 0.468, 0.624, 0.765, 
0.811, 0.458, 0.595, 0.521, 0.575, 
0.388, 0.764, 0.757, 0.394, 0.531, 
0.46, 0.971, 0.58, 0.084, 0.562, 
0.515, 0.62, 0.236, 0.288, 0.279, 
0.169, 0.701, 0.12, 0.443, 0.937, 
0.041, 0.111, 0.216, 0.361, 0.852, 
0.537, 0.424, 0.909, 0.078, 0.197, 
0.407, 0.992, 0.705, 0.73, 0.376, 
0.013, 0.913, 0.482, 0.405, 0.687, 
0.242, 0.19, 0.283, 0.623, 0.142, 
0.195, 0.845, 0.916, 0.926, 0.603, 
0.024, 0.295, 0.888, 0.246, 0.239, 
0.383, 0.227, 0.723, 0.823, 0.106, 
0.367, 0.122, 0.79, 0.51, 0.712, 
0.116, 0.04, 0.367, 0.957, 0.78, 
0.914, 0.249, 0.459, 0.296, 0.275, 
0.753, 0.264, 0.651, 0.479, 0.527, 
0.949, 0.661, 0.814, 0.678, 0.227, 
0.422, 0.677, 0.783, 0.521, 0.054, 
0.003, 0.011, 0.924, 0.152, 0.83, 
0.304, 0.305, 0.888, 0.342, 0.014, 
0.479, 0.867, 0.923, 0.954, 0.097, 
0.598, 0.755, 0.411, 0.826, 0.018, 
0.759, 0.395, 0.177, 0.726, 0.478, 
0.52, 0.808, 0.038, 0.754, 0.387, 
0.455, 0.634, 0.682, 0.12, 0.758, 
0.994, 0.287, 0.824, 0.403, 0.712, 
0.251, 0.099, 0.168, 0.334, 0.918, 
0.53, 0.697, 0.746, 0.203, 0.885, 
0.157, 0.504, 0.627, 0.72, 0.043, 
0.391, 0.897, 0.211, 0.791, 0.806, 
0.758, 0.985, 0.237, 0.424, 0.565, 
0.513, 0.82, 0.053, 0.753, 0.948, 
0.487, 0.644, 0.253, 0.19, 0.888, 
0.013, 0.221, 0.137, 0.67, 0.852, 
0.78, 0.814, 0.225, 0.787, 0.325, 
0.901, 0.539, 0.711, 0.63, 0.423, 
0.209, 0.518, 0.809, 0.178, 0.634, 
0.847, 0.572, 0.389, 0.399, 0.355, 
0.42, 0.597, 0.524, 0.666, 0.286, 
0.135, 0.91, 0.585, 0.519, 0.974, 
0.142, 0.651, 0.628, 0.728, 0.173, 
0.933, 0.692, 0.076, 0.376, 0.902, 
0.452, 0.254, 0.806, 0.743, 0.859, 
0.23, 0.903, 0.791, 0.304, 0.838, 
0.191, 0.931, 0.776, 0.659, 0.507, 
0.996, 0.733, 0.974, 0.379, 0.809, 
0.563, 0.979, 0.265, 0.111, 0.109, 
0.273, 0.554, 0.013, 0.935, 0.883, 
0.594, 0.341, 0.125, 0.383, 0.429, 
0.592, 0.228, 0.213, 0.627, 0.001, 
0.111, 0.53, 0.835, 0.429, 0.678, 
0.526, 0.987, 0.705, 0.193, 0.33, 
0.079, 0.917, 0.171, 0.286, 0.752, 
0.36, 0.029, 0.914, 0.791, 0.412, 
0.56, 0.235, 0.723, 0.867, 0.088, 
0.145, 0.798, 0.257, 0.533, 0.167, 
0.879, 0.22, 0.795, 0.562, 0.307, 
0.738, 0.812, 0.325, 0.237, 0.634, 
0.252, 0.18, 0.737, 0.294, 0.294, 
0.84, 0.035, 0.687, 0.646, 0.307, 
0.949, 0.593, 0.438, 0.476, 0.312, 
0.248, 0.3, 0.461, 0.579, 0.243, 
0.756, 0.867, 0.218, 0.352, 0.066, 
0.078, 0.297, 0.593, 0.467, 0.921, 
0.321, 0.71, 0.405, 0.156, 0.185, 
0.795, 0.948, 0.017, 0.873, 0.075, 
0.966, 0.923, 0.267, 0.028, 0.969, 
0.222, 0.708, 0.645, 0.867, 0.371, 
0.074, 0.597, 0.178, 0.826, 0.301, 
0.694, 0.926, 0.645, 0.058, 0.274, 
0.228, 0.451, 0.862, 0.861, 0.9, 
0.242, 0.432, 0.892, 0.213, 0.464, 
0.747, 0.436, 0.679, 0.356, 0.626, 
0.037, 0.225, 0.36, 0.509, 0.448, 
0.876, 0.034, 0.995, 0.144, 0.216, 
0.06, 0.272, 0.005, 0.286, 0.649, 
0.097, 0.606, 0.813, 0.248, 0.973, 
0.408, 0.201, 0.774, 0.358, 0.065, 
0.769, 0.567, 0.464, 0.146, 0.92, 
0.852, 0.314, 0.485, 0.27, 0.98, 
0.339, 0.444, 0.631, 0.5, 0.391, 
0.786, 0.58, 0.321, 0.762, 0.741, 
0.041, 0.896, 0.483, 0.724, 0.472, 
0.155, 0.789, 0.597, 0.684, 0.975, 
0.25, 0.643, 0.664, 0.444, 0.321, 
0.438, 0.344, 0.708, 0.722, 0.779, 
0.84, 0.672, 0.383, 0.342, 0.652, 
0.399, 0.557, 0.509, 0.584, 0.633, 
0.267, 0.983, 0.537, 0.011, 0.467, 
0.076, 0.356, 0.283, 0.239, 0.143, 
0.245, 0.654, 0.341, 0.961, 0.474, 
0.256, 0.637, 0.544, 0.753, 0.18, 
0.955, 0.872, 0.967, 0.765, 0.545, 
0.32, 0.907, 0.02, 0.59, 0.304, 
0.139, 0.219, 0.7, 0.042, 0.565, 
0.042, 0.703, 0.887, 0.376, 0.711, 
0.738, 0.147, 0.692, 0.043, 0.43, 
0.204, 0.911, 0.059, 0.525, 0.318, 
0.93, 0.036, 0.22, 0.563, 0.747, 
0.859, 0.52, 0.945, 0.581, 0.467, 
0.066, 0.012, 0.989, 0.808, 0.837, 
0.158, 0.901, 0.316, 0.487, 0.228, 
0.35, 0.488, 0.263, 0.411, 0.585, 
0.19, 0.262, 0.33, 0.984, 0.252, 
0.121, 0.618, 0.643, 0.772, 0.902, 
0.428, 0.645, 0.753, 0.796, 0.249, 
0.072, 0.5, 0.896, 0.712, 0.173, 
0.632, 0.174, 0.195, 0.537, 0.123, 
0.524, 0.715, 0.157, 0.47, 0.813, 
0.43, 0.165, 0.031, 0.757, 0.381, 
0.835, 0.901, 0.28, 0.387, 0.34, 
0.395, 0.256, 0.819, 0.723, 0.521, 
0.119, 0.657, 0.997, 0.231, 0.169, 
0.636, 0.101, 0.659, 0.229, 0.018, 
0.913, 0.565, 0.622, 0.973, 0.973, 
0.945, 0.877, 0.092, 0.654, 0.621, 
0.17, 0.173, 0.137, 0.108, 0.723, 
0.338, 0.685, 0.106, 0.947, 0.937, 
0.575, 0.737, 0.022, 0.288, 0.652, 
0.659, 0.148, 0.721, 0.548, 0.593, 
0.853, 0.114, 0.685, 0.635, 0.3, 
0.472, 0.11, 0.473, 0.503, 0.982, 
0.957, 0.37, 0.934, 0.832, 0.931, 
0.714, 0.121, 0.037, 0.326, 0.921, 
0.047, 0.293, 0.927, 0.41, 0.764, 
0.727, 0.086, 0.369, 0.434, 0.517, 
0.818, 0.641, 0.844, 0.204, 0.189, 
0.909, 0.951, 0.999, 0.712, 0.581, 
0.226, 0.147, 0.963, 0.804, 0.656, 
0.8, 0.855, 0.527, 0.939, 0.286, 
0.36, 0.28, 0.267, 0.407, 0.341, 
0.356, 0.695, 0.412, 0.793, 0.601, 
0.339, 0.123, 0.583, 0.981, 0.563, 
0.63, 0.514, 0.619, 0.606, 0.879, 
0.987, 0.071, 0.911, 0.259, 0.542, 
0.108, 0.048, 0.597, 0.847, 0.859, 
0.664, 0.045, 0.329, 0.439, 0.959, 
0.648, 0.439, 0.359, 0.655, 0.553, 
0.951, 0.411, 0.278, 0.176, 0.579, 
0.827, 0.393, 0.202, 0.194, 0.348, 
0.938, 0.218, 0.975, 0.477, 0.373, 
0.687, 0.712, 0.513, 0.232, 0.981, 
0.21, 0.525, 0.345, 0.201, 0.994, 
0.541, 0.652, 0.159, 0.447, 0.17, 
0.741, 0.445, 0.719, 0.279, 0.307, 
0.63, 0.911, 0.596, 0.742, 0.656, 
0.75, 0.034, 0.795, 0.967, 0.084, 
0.304, 0.757, 0.262, 0.008, 0.677, 
0.27, 0.33, 0.311, 0.079, 0.982, 
0.57, 0.1, 0.619, 0.746, 0.164, 
0.42, 0.582, 0.609, 0.153, 0.24, 
0.268, 0.195, 0.748, 0.745, 0.207, 
0.276, 0.655, 0.847, 0.267, 0.664, 
0.622, 0.786, 0.559, 0.23, 0.976, 
0.413, 0.606, 0.562, 0.796, 0.888, 
0.807, 0.67, 0.664, 0.069, 0.753, 
0.817, 0.663, 0.245, 0.587, 0.17, 
0.596, 0.108, 0.796, 0.046, 0.57, 
0.082, 0.318, 0.449, 0.791, 0.667, 
0.456, 0.905, 0.688, 0.386, 0.756, 
0.681, 0.214, 0.129, 0.661, 0.685, 
0.841, 0.972, 0.734, 0.457, 0.156, 
0.543, 0.983, 0.775, 0.737, 0.412, 
0.449, 0.593, 0.926, 0.826, 0.701, 
0.139, 0.985, 0.522, 0.855, 0.741, 
0.816, 0.844, 0.433, 0.592, 0.052, 
0.786, 0.909, 0.094, 0.591, 0.267, 
0.322, 0.855, 0.475, 0.963, 0.156, 
0.488, 0.413, 0.144, 0.629, 0.783, 
0.242, 0.24, 0.632, 0.605, 0.688, 
0.186, 0.872, 0.395, 0.888, 0.498, 
0.18, 0.121, 0.946, 0.225, 0.845, 
0.362, 0.843, 0.956, 0.467, 0.404, 
0.115, 0.459, 0.957, 0.231, 0.785, 
0.325, 0.568, 0.395, 0.963, 0.946, 
0.202, 0.799, 0.88, 0.113, 0.408, 
0.191, 0.121, 0.124, 0.62, 0.142, 
0.255, 0.04, 0.459, 0.652, 0.79, 
0.337, 0.998, 0.802, 0.267, 0.23, 
0.454, 0.876, 0.026, 0.785, 0.054, 
0.541, 0.636, 0.122, 0.508, 0.065, 
0.03, 0.468, 0.032, 0.495, 0.365, 
0.015, 0.48, 0.591, 0.161, 0.096, 
0.075, 0.579, 0.143, 0.71, 0.06, 
0.583, 0.188, 0.462, 0.778, 0.133, 
0.846, 0.01, 0.558, 0.029, 0.189, 
0.773, 0.916, 0.227, 0.202, 0.25, 
0.71, 0.179, 0.767, 0.445, 0.101, 
0.649, 0.256, 0.298, 0.825, 0.068, 
0.904, 0.238, 0.555, 0.85, 0.615, 
0.739, 0.625, 0.258, 0.602, 0.559, 
0.194, 0.758, 0.643, 0.526, 0.274, 
0.64, 0.163, 0.399, 0.04, 0.598, 
0.742, 0.437, 0.415, 0.441, 0.485, 
0.599, 0.21, 0.746, 0.889, 0.843, 
0.155, 0.982, 0.375, 0.366, 0.893, 
0.204, 0.047, 0.118, 0.992, 0.508, 
0.962, 0.572, 0.678, 0.179, 0.267, 
0.612, 0.3, 0.044, 0.437, 0.391, 
0.202, 0.609, 0.517, 0.243, 0.367, 
0.346, 0.961, 0.097, 0.815, 0.844, 
0.145, 0.664, 0.918, 0.342, 0.525, 
0.584, 0.649, 0.065, 0.896, 0.977, 
0.043, 0.19, 0.355, 0.893, 0.709, 
0.308, 0.173, 0.931, 0.066, 0.066, 
0.961, 0.157, 0.138, 0.154, 0.641, 
0.597, 0.045, 0.11, 0.13, 0.787, 
0.491, 0.479, 0.983, 0.074, 0.833, 
0.556, 0.771, 0.14, 0.663, 0.496, 
0.161, 0.507, 0.856, 0.951, 0.334, 
0.362, 0.889, 0.466, 0.057, 0.747, 
0.277, 0.553, 0.314, 0.322, 0.632, 
0.233, 0.769, 0.953, 0.435, 0.046, 
0.088, 0.269, 0.4, 0.755, 0.676, 
0.985, 0.054, 0.447, 0.383, 0.498, 
0.199, 0.202, 0.386, 0.732, 0.552, 
0.696, 0.842, 0.571, 0.008, 0.381, 
0.464, 0.62, 0.141, 0.682, 0.533, 
0.956, 0.123, 0.487, 0.333, 0.904, 
0.719, 0.418, 0.163, 0.823, 0.356, 
0.487, 0.27, 0.678, 0.771, 0.704, 
0.171, 0.643, 0.104, 0.062, 0.195, 
0.276, 0.45, 0.353, 0.751, 0.024, 
0.371, 0.42, 0.481, 0.477, 0.298, 
0.813, 0.356, 0.652, 0.637, 0.5, 
0.614, 0.107, 0.122, 0.817, 0.076, 
0.25, 0.528, 0.595, 0.895, 0.727, 
0.681, 0.734, 0.263, 0.701, 0.115, 
0.293, 0.221, 0.595, 0.376, 0.409, 
0.629, 0.209, 0.242, 0.36, 0.508, 
0.312, 0.195, 0.401, 0.142, 0.611, 
0.852, 0.727, 0.899, 0.816, 0.604, 
0.324, 0.706, 0.724, 0.204, 0.944, 
0.455, 0.542, 0.68, 0.202, 0.785, 
0.786, 0.552, 0.358, 0.943, 0.209, 
0.888, 0.304, 0.509, 0.598, 0.701, 
0.08, 0.489, 0.253, 0.713, 0.391, 
0.483, 0.855, 0.033, 0.265, 0.092, 
0.353, 0.325, 0.811, 0.934, 0.942, 
0.255, 0.27, 0.7, 0.898, 0.168, 
0.868, 0.259, 0.224, 0.391, 0.754, 
0.154, 0.774, 0.819, 0.808, 0.278, 
0.576, 0.947, 0.405, 0.681, 0.954, 
0.772, 0.286, 0.132, 0.786, 0.332, 
0.617, 0.338, 0.637, 0.252, 0.172, 
0.726, 0.28, 0.979, 0.18, 0.624, 
0.634, 0.048, 0.675, 0.437, 0.329, 
0.96, 0.993, 0.885, 0.242, 0.969, 
0.942, 0.288, 0.277, 0.302, 0.799, 
0.883, 0.672, 0.028, 0.311, 0, 
0.555, 0.484, 0.696, 0.628, 0.419, 
0.019, 0.562, 0.82, 0.867, 0.486, 
0.227, 0.602, 0.192, 0.729, 0.432, 
0.693, 0.556, 0.706, 0.386, 0.552, 
0.397, 0.874, 0.525, 0.124, 0.519, 
0.74, 0.133, 0.975, 0.263, 0.105, 
0.249, 0.231, 0.761, 0.418, 0.053, 
0.73, 0.053, 0.832, 0.923, 0.808, 
0.509, 0.545, 0.602, 0.483, 0.843, 
0.82, 0.666, 0.101, 0.648, 0.198, 
0.19, 0.579, 0.392, 0.573, 0.626, 
0.689, 0.868, 0.286, 0.151, 0.614, 
0.184, 0.898, 0.909, 0.593, 0.222, 
0.575, 0.881, 0.492, 0.722, 0.564, 
0.224, 0.28, 0.696, 0.508, 0.37, 
0.498, 0.923, 0.198, 0.162, 0.66, 
0.263, 0.588, 0.836, 0.703, 0.673, 
0.612, 0.576, 0.423, 0.806, 0.62, 
0.007, 0.767, 0.185, 0.505, 0.355, 
0.551, 0.969, 0.121, 0.78, 0.075, 
0.906, 0.894, 0.688, 0.686, 0.202, 
0.382, 0.77, 0.887, 0.136, 0.25, 
0.031, 0.835, 0.272, 0.452, 0.325, 
0.971, 0.057, 0.733, 0.261, 0.623, 
0.795, 0.309, 0.49, 0.715, 0.619, 
0.292, 0.674, 0.032, 0.714, 0.736, 
0.989, 0.878, 0.989, 0.472, 0.332, 
0.706, 0.181, 0.761, 0.683, 0.435, 
0.481, 0.327, 0.106, 0.713, 0.763, 
0.95, 0.136, 0.975, 0.193, 0.721, 
0.825, 0.816, 0.285, 0.507, 0.339, 
0.048, 0.207, 0.132, 0.515, 0.589, 
0.689, 0.294, 0.925, 0.454, 0.115, 
0.144, 0.427, 0.178, 0.84, 0.123, 
0.629, 0.772, 0.865, 0.284, 0.546, 
0.846, 0.808, 0.594, 0.854, 0.388, 
0.792, 0.328, 0.669, 0.922, 0.635, 
0.252, 0.623, 0.136, 0.195, 0.865, 
0.477, 0.005, 0.27, 0.017, 0.875, 
0.826, 0.1, 0.568, 0.038, 0.64, 
0.995, 0.533, 0.767, 0.541, 0.717, 
0.714, 0.232, 0.482, 0.159, 0.551, 
0.471, 0.889, 0.933, 0.809, 0.521, 
0.558, 0.957, 0.401, 0.593, 0.427, 
0.969, 0.834, 0.257, 0.456, 0.585, 
0.715, 0.536, 0.866, 0.752, 0.366, 
0.484, 0.787, 0.518, 0.711, 0.202, 
0.995, 0.302, 0.945, 0.604, 0.726, 
0.552, 0.574, 0.618, 0.006, 0.762, 
0.39, 0.292, 0.499, 0.81, 0.77, 
0.671, 0.911, 0.976, 0.12, 0.038, 
0.814, 0.21, 0.618, 0.475, 0.222, 
0.551, 0.131, 0.878, 0.244, 0.656, 
0.729, 0.373, 0.864, 0.252, 0.809, 
0.357, 0.217, 0.403, 0.535, 0.872, 
0.812, 0.486, 0.565, 0.527, 0.753, 
0.204, 0.454, 0.385, 0.894, 0.264, 
0.54, 0.029, 0.88, 0.705, 0.007, 
0.437, 0.391, 0.274, 0.726, 0.588, 
0.33, 0.947, 0.779, 0.433, 0.259, 
0.031, 0.642, 0.212, 0.684, 0.113, 
0.962, 0.376, 0.922, 0.216, 0.567, 
0.953, 0.952, 0.13, 0.207, 0.672, 
0.991, 0.176, 0.18, 0.461, 0.613, 
0.31, 0.817, 0.341, 0.876, 0.759, 
0.753, 0.005, 0.293, 0.07, 0.404, 
0.637, 0.532, 0.168, 0.979, 0.68, 
0.086, 0.296, 0.966, 0.987, 0.264, 
0.594, 0.596, 0.859, 0.425, 0.028, 
0.899, 0.644, 0.827, 0.962, 0.328, 
0.36, 0.206, 0.482, 0.642, 0.676, 
0.029, 0.215, 0.546, 0.545, 0.309, 
0.458, 0.805, 0.882, 0.652, 0.557, 
0.165, 0.53, 0.775, 0.017, 0.013, 
0.2, 0.078, 0.091, 0.124, 0.557, 
0.195, 0.787, 0.755, 0.284, 0.409, 
0.397, 0.546, 0.235, 0.241, 0.659, 
0.352, 0.178, 0.211, 0.683, 0.946, 
0.186, 0.947, 0.757, 0.23, 0.008, 
0.826, 0.392, 0.208, 0.785, 0.335, 
0.557, 0.221, 0.616, 0.149, 0.315, 
0.59, 0.382, 0.447, 0.509, 0.887, 
0.217, 0.985, 0.089, 0.129, 0.928, 
0.464, 0.195, 0.244, 0.382, 0.629, 
0.033, 0.993, 0.622, 0.542, 0.528, 
0.887, 0.726, 0.646, 0.231, 0.156, 
0.798, 0.975, 0.642, 0.063, 0.314, 
0.036, 0.17, 0.707, 0.694, 0.291, 
0.819, 0.759, 0.242, 0.115, 0.55, 
0.108, 0.231, 0.083, 0.96, 0.734, 
0.305, 0.499, 0.971, 0.535, 0.341, 
0.751, 0.619, 0.264, 0.388, 0.409, 
0.7, 0.561, 0.64, 0.366, 0.986, 
0.595, 0.943, 0.684, 0.16, 0.388, 
0.342, 0.305, 0.949, 0.186, 0.568, 
0.208, 0.053, 0.02, 0.031, 0.232, 
0.508, 0.822, 0.298, 0.654, 0.8, 
0.619, 0.624, 0.996, 0.255, 0.504, 
0.755, 0.562, 0.789, 0.942, 0.177, 
0.108, 0.747, 0.296, 0.327, 0.507, 
0.622, 0.582, 0.27, 0.689, 0.652, 
0.642, 0.739, 0.679, 0.004, 0.369, 
0.169, 0.441, 0.605, 0.163, 0.658, 
0.165, 0.119, 0.798, 0.006, 0.095, 
0.178, 0.64, 0.995, 0.793, 0.788, 
0.557, 0.062, 0.961, 0.303, 0.232, 
0.233, 0.772, 0.722, 0.212, 0.141, 
0.873, 0.662, 0.949, 0.01, 0.257, 
0.876, 0.698, 0.581, 0.238, 0.469, 
0.999, 0.552, 0.72, 0.434, 0.361, 
0.048, 0.792, 0.581, 0.288, 0.916, 
0.871, 0.352, 0.396, 0.673, 0.614, 
0.245, 0.585, 0.23, 0.052, 0.461, 
0.165, 0.644, 0.451, 0.629, 0.516, 
0.277, 0.748, 0.205, 0.217, 0.922, 
0.005, 0.299, 0.224, 0.325, 0.016, 
0.776, 0.33, 0.334, 0.757, 0.105, 
0.184, 0.732, 0.874, 0.201, 0.492, 
0.482, 0.987, 0.845, 0.66, 0.133, 
0.933, 0.44, 0.368, 0.491, 0.175, 
0.183, 0.407, 0.542, 0.738, 0.664, 
0.708, 0.64, 0.36, 0.743, 0.783, 
0.425, 0.06, 0.777, 0.001, 0.703, 
0.128, 0.605, 0.184, 0.766, 0.429, 
0.655, 0.076, 0.68, 0.854, 0.358, 
0.881, 0.863, 0.614, 0.089, 0.718, 
0.953, 0.259, 0.174, 0.037, 0.746, 
0.659, 0.987, 0.156, 0.208, 0.078, 
0.665, 0.812, 0.243, 0.172, 0.669, 
0.64, 0.092, 0.665, 0.152, 0.799, 
0.048, 0.933, 0.866, 0.886, 0.252, 
0.225, 0.026, 0.792, 0.979, 0.535, 
0.442, 0.847, 0.79, 0.081, 0.129, 
0.712, 0.708, 0.413, 0.976, 0.281, 
0.122, 0.096, 0.377, 0.03, 0.044, 
0.752, 0.516, 0.477, 0.852, 0.358, 
0.036, 0.591, 0.714, 0.172, 0.818, 
0.392, 0.206, 0.499, 0, 0.288, 
0.45, 0.521, 0.825, 0.123, 0.555, 
0.945, 0.327, 0.318, 0.417, 0.058, 
0.797, 0.307, 0.133, 0.813, 0.175, 
0.511, 0.731, 0.977, 0.446, 0.322, 
0.432, 0.593, 0.992, 0.774, 0.077, 
0.633, 0.095, 0.571, 0.573, 0.309, 
0.184, 0.387, 0.652, 0.867, 0.936, 
0.954, 0.288, 0.849, 0.73, 0.632, 
0.508, 0.89, 0.684, 0.194, 0.554, 
0.789, 0.035, 0.981, 0.385, 0.566, 
0.955, 0.109, 0.303, 0.449, 0.972, 
0.453, 0.089, 0.189, 0.577, 0.135, 
0.409, 0.909, 0.163, 0.759, 0.832, 
0.717, 0.301, 0.411, 0.588, 0.187, 
0.281, 0.55, 0.715, 0.283, 0.468, 
0.173, 0.952, 0.512, 0.917, 0.753, 
0.493, 0.552, 0.835, 0.118, 0.658, 
0.935, 0.144, 0.548, 0.573, 0.486, 
0.28, 0.764, 0.027, 0.254, 0.271, 
0.125, 0.182, 0.527, 0.282, 0.143, 
0.848, 0.582, 0.372, 0.551, 0.486, 
0.159, 0.812, 0.909, 0.152, 0.167, 
0.997, 0.027, 0.88, 0.813, 0.783, 
0.295, 0.785, 0.754, 0.124, 0.402, 
0.298, 0.95, 0.285, 0.946, 0.531, 
0.757, 0.757, 0.628, 0.767, 0.53, 
0.07, 0.23, 0.411, 0.283, 0.843, 
0.541, 0.142, 0.517, 0.982, 0.642, 
0.002, 0.865, 0.899, 0.587, 0.314, 
0.471, 0.253, 0.391, 0.923, 0.002, 
0.744, 0.409, 0.136, 0.621, 0.502, 
0.832, 0.048, 0.228, 0.853, 0.766, 
0.523, 0.038, 0.689, 0.024, 0.718, 
0.536, 0.286, 0.238, 0.643, 0.598, 
0.769, 0.508, 0.677, 0.11, 0.464, 
0.64, 0.738, 0.494, 0.07, 0.357, 
0.641, 0.239, 0.82, 0.151, 0.902, 
0.545, 0.676, 0.615, 0.963, 0.402, 
0.776, 0.153, 0.562, 0.905, 0.531, 
0.613, 0.928, 0.448, 0.205, 0.019, 
0.356, 0.025, 0.637, 0.451, 0.537, 
0.639, 0.978, 0.979, 0.432, 0.392, 
0.659, 0.65, 0.994, 0.186, 0.848, 
0.029, 0.516, 0.852, 0.92, 0.223, 
0.22, 0.711, 0.652, 0.223, 0.17, 
0.533, 0.516, 0.052, 0.531, 0.352, 
0.088, 0.076, 0.29, 0.198, 0.81, 
0.918, 0.807, 0.347, 0.947, 0.98, 
0.621, 0.455, 0.274, 0.462, 0.831, 
0.49, 0.308, 0.331, 0.075, 0.446, 
0.64, 0.32, 0.25, 0.516, 0.595, 
0.366, 0.974, 0.401, 0.468, 0.671, 
0.732, 0.746, 0.408, 0.793, 0.628, 
0.293, 0.648, 0.022, 0.663, 0.29, 
0.857, 0.443, 0.401, 0.587, 0.469, 
0.488, 0.023, 0.264, 0.592, 0.696, 
0.315, 0.309, 0.846, 0.074, 0.509, 
0.872, 0.699, 0.022, 0.308, 0.534, 
0.739, 0.3, 0.533, 0.285, 0.547, 
0.833, 0.891, 0.567, 0.575, 0.452, 
0.84, 0.221, 0.878, 0.52, 0.275, 
0.93, 0.699, 0.162, 0.467, 0.242, 
0.381, 0.654, 0.379, 0.971, 0.145, 
0.852, 0.246, 0.459, 0.51, 0.289, 
0.844, 0.73, 0.281, 0.204, 0.726, 
0.089, 0.642, 0.054, 0.079, 0.587, 
0.847, 0.325, 0.331, 0.355, 0.392, 
0.715, 0.156, 0.478, 0.179, 0.418, 
0.315, 0.394, 0.265, 0.083, 0.052, 
0.272, 0.44, 0.064, 0.965, 0.958, 
0.482, 0.078, 0.968, 0.407, 0.182, 
0.223, 0.358, 0.439, 0.278, 0.894, 
0.295, 0.466, 0.089, 0.804, 0.688, 
0.764, 0.537, 0.883, 0.596, 0.767, 
0.263, 0.393, 0.51, 0.08, 0.286, 
0.216, 0.757, 0.826, 0.541, 0.852, 
0.729, 0.672, 0.129, 0.724, 0.165, 
0.221, 0.291, 0.86, 0.734, 0.31, 
0.485, 0.146, 0.283, 0.858, 0.451, 
0.248, 0.95, 0.985, 0.592, 0.305, 
0.786, 0.875, 0.902, 0.031, 0.252, 
0.122, 0.002, 0.709, 0.327, 0.867, 
0.015, 0.329, 0.323, 0.137, 0.57, 
0.148, 0.334, 0.674, 0.822, 0.66, 
0.485, 0.838, 0.513, 0.258, 0.197, 
0.733, 0.99, 0.056, 0.181, 0.785, 
0.357, 0.077, 0.326, 0.196, 0.576, 
0.708, 0.302, 0.738, 0.119, 0.033, 
0.233, 0.634, 0.334, 0.11, 0.09, 
0.745, 0.213, 0.39, 0.008, 0.048, 
0.361, 0.136, 0.964, 0.856, 0.593, 
0.029, 0.594, 0.139, 0.291, 0.061, 
0.47, 0.02, 0.544, 0.183, 0.225, 
0.665, 0.133, 0.072, 0.14, 0.84, 
0.323, 0.55, 0.124, 0.912, 0.498, 
0.317, 0.399, 0.889, 0.146, 0.146, 
0.902, 0.703, 0.786, 0.07, 0.315, 
0.355, 0.868, 0.845, 0.677, 0.898, 
0.304, 0.135, 0.697, 0.546, 0.617, 
0.959, 0.363, 0.067, 0.789, 0.274, 
0.806, 0.034, 0.056, 0.202, 0.52, 
0.564, 0.643, 0.804, 0.105, 0.12, 
0.673, 0.159, 0.366, 0.541, 0.811, 
0.214, 0.705, 0.023, 0.772, 0.744, 
0.051, 0.148, 0.815, 0.118, 0.765, 
0.612, 0.488, 0.396, 0.027, 0.424, 
0.288, 0.667, 0.594, 0.09, 0.669, 
0.59, 0.58, 0.766, 0.433, 0.396, 
0.393, 0.151, 0.546, 0.598, 0.392, 
0.78, 0.514, 0.29, 0.559, 0.709, 
0.112, 0.887, 0.967, 0.569, 0.671, 
0.121, 0.067, 0.393, 0.749, 0.303, 
0.682, 0.611, 0.742, 0.643, 0.363, 
0.471, 0.73, 0.434, 0.641, 0.238, 
0.436, 0.957, 0.399, 0.389, 0.733, 
0.215, 0.845, 0.412, 0.273, 0.825, 
0.628, 0.491, 0.984, 0.018, 0.311, 
0.919, 0.855, 0.458, 0.554, 0.298, 
0.512, 0.376, 0.663, 0.273, 0.095, 
0.794, 0.687, 0.034, 0.023, 0.038, 
0.678, 0.245, 0.749, 0.551, 0.122, 
0.402, 0.954, 0.418, 0.533, 0.507, 
0.599, 0.778, 0.385, 0.076, 0.86, 
0.536, 0.379, 0.736, 0.113, 0.943, 
0.435, 0.59, 0.033, 0.199, 0.947, 
0.676, 0.124, 0.752, 0.702, 0.866, 
0.316, 0.594, 0.54, 0.362, 0.834, 
0.978, 0.747, 0.99, 0.073, 0.431, 
0.903, 0.451, 0.067, 0.382, 0.093, 
0.861, 0.5, 0.427, 0.876, 0.867, 
0.86, 0.665, 0.71, 0.765, 0.088, 

